300  
6    

1    
  0.0300000000000000   0.0000000000000000   0.0000000000000000
  -0.6488999400    0.0222579700   -0.0109526000
   0.0737833300    0.0104191900   -0.0030674400
   0.0070625500    0.0016263600    0.0024093100
   0.0070256500   -0.0016772200    0.0043763300
   0.0712738700   -0.0111117600    0.0102450900
  -0.0041131300   -0.0333319000   -0.0013693400
  -0.0047417700    0.0339397100    0.0081127700
   0.0077578700    0.0047534200    0.0008030500
   0.0039749300    0.0000226300    0.0033808300
   0.0075515200   -0.0046074700    0.0058574700
  -0.0013150500   -0.0031738200    0.0030209100
  -0.0004622000   -0.0000366500    0.0033824000
  -0.0013585400    0.0032072000    0.0037586200
   0.0015399900    0.0014182800    0.0032292500
   0.0015308100   -0.0014044300    0.0035275900
  -0.0013216200   -0.0064440100    0.0020418500
   0.0015271000   -0.0014010300    0.0031207000
   0.0015400600    0.0014029100    0.0036638400
  -0.0013524900    0.0065255900    0.0047523100
  -0.0004578200    0.0000091900    0.0033935100
  -0.0044358500   -0.0551439400   -0.0079240700
   0.0075964700   -0.0047175500    0.0016151200
   0.0039615100   -0.0000123700    0.0034055200
   0.0077086500    0.0046573100    0.0052138900
  -0.0043993300    0.0552117800    0.0148927700
  -0.0011673800   -0.0000058500    0.0033055200
  -0.0014672400   -0.0000015800    0.0099626400
   0.0022212700    0.0001189800    0.0046297100
   0.0022082700   -0.0001408500    0.0021287100
  -0.0014134700    0.0000155600   -0.0031843200
  -0.0013698100   -0.0006606200    0.0027753900
  -0.0013777900    0.0006418800    0.0039575600
   0.0006574900    0.0010875700    0.0051548100
   0.0016331200    0.0000053300    0.0033812000
   0.0007010000   -0.0010851700    0.0016397800
  -0.0001477800   -0.0010158900    0.0033290200
  -0.0005232100   -0.0000017800    0.0033718100
  -0.0001566600    0.0010032700    0.0034280100
   0.0004070900    0.0007063400    0.0035306500
   0.0004211800   -0.0007003200    0.0032187400
   0.0000417400   -0.0016091100    0.0045578100
   0.0005646000   -0.0006525300    0.0037298700
   0.0005534600    0.0006562500    0.0030250600
   0.0000461200    0.0016117600    0.0021767900
  -0.0012026700    0.0000177800    0.0033777300
  -0.0019851500    0.0004023400    0.0093637500
   0.0011404200   -0.0009665100    0.0053718300
   0.0016911800   -0.0000018500    0.0033859000
   0.0011328100    0.0009496000    0.0013774400
  -0.0019416300   -0.0003730200   -0.0025946400
  -0.0011697300    0.0000131700    0.0035222500
  -0.0014827300   -0.0007019900    0.0002910700
   0.0022277300    0.0003623000    0.0027764500
   0.0022011700   -0.0003544000    0.0039881800
  -0.0013950900    0.0006775900    0.0064366600
  -0.0019201400   -0.0003318900    0.0042040700
  -0.0020080900    0.0003070200    0.0025938900
   0.0011335800    0.0009653600    0.0025640700
   0.0016903800    0.0000055600    0.0033880300
   0.0011424200   -0.0009465400    0.0042104600
   0.0000419500   -0.0011261900    0.0035220900
  -0.0011949200   -0.0000030700    0.0033878600
   0.0000368500    0.0011274200    0.0032737100
   0.0005534100    0.0006543500    0.0033080600
   0.0005660100   -0.0006519200    0.0034755700
  -0.0001543300   -0.0014917500    0.0029114600
   0.0004195300   -0.0007094500    0.0032485200
   0.0004182300    0.0007093800    0.0035657700
  -0.0001633900    0.0014956600    0.0038727700
  -0.0005198100    0.0000152500    0.0034017100
  -0.0013826800    0.0000667000    0.0011295900
   0.0006704400   -0.0011104900    0.0025087000
   0.0016467500   -0.0000116400    0.0033979800
   0.0006775500    0.0010589000    0.0042806000
  -0.0013681100   -0.0000273900    0.0056733300
  -0.0040146700   -0.0030673600    0.0620490200
   0.0076431900   -0.0013978500    0.0082987500
   0.0042049500   -0.0000033700    0.0033955200
   0.0077149300    0.0013492700   -0.0015050700
  -0.0038140400    0.0029150500   -0.0552281000
  -0.0090836700   -0.0002179900    0.0030954600
   0.0003919400    0.0081138800    0.0127051900
   0.0031667700    0.0010227900    0.0044157600
   0.0031454000   -0.0010401100    0.0024243100
   0.0004790400   -0.0081062800   -0.0055805000
  -0.0006183500   -0.0012535200    0.0035790100
  -0.0006720500    0.0012048100    0.0031977200
   0.0001971900    0.0028080500    0.0043427600
   0.0007317300    0.0000175700    0.0034074100
   0.0001947100   -0.0027551600    0.0024741400
   0.0009792100   -0.0018424900    0.0040380500
   0.0012623500   -0.0000065900    0.0034017500
   0.0009849100    0.0018579400    0.0027542500
  -0.0016209500    0.0016920000    0.0033419400
  -0.0016125100   -0.0016750700    0.0034770500
   0.0036274500   -0.0058885100    0.0084340200
   0.0031979800   -0.0011290400    0.0040940500
   0.0032156500    0.0011145600    0.0026908600
   0.0036512100    0.0059444600   -0.0017533000
  -0.0136082400    0.0000206700    0.0033918000
  -0.0010167600   -0.0001617300    0.0041781000
   0.0002663200    0.0002682000    0.0040571200
   0.0015219700   -0.0000019100    0.0033766700
   0.0002730100   -0.0002623700    0.0027083400
  -0.0010045000    0.0001516500    0.0025714600
  -0.0012738000    0.0000010300    0.0033833100
  -0.0001953300    0.0003407900    0.0038671000
   0.0008292200    0.0003694200    0.0036087300
   0.0008346500   -0.0003726200    0.0031720000
  -0.0001737300   -0.0003344500    0.0028801400
  -0.0002572700   -0.0005734600    0.0034227900
  -0.0002746300    0.0005690200    0.0033423200
   0.0001442200    0.0007706200    0.0034921900
   0.0002267800    0.0000042800    0.0033854600
   0.0001493400   -0.0007633000    0.0032638300
   0.0002067200   -0.0007522700    0.0035512100
   0.0005515000   -0.0000179600    0.0033742900
   0.0002309400    0.0007507200    0.0032168700
  -0.0005013500    0.0004001000    0.0032809000
  -0.0004889000   -0.0003901600    0.0034890000
  -0.0007372000   -0.0003124400    0.0041018300
   0.0011127300   -0.0003177000    0.0035996500
   0.0011073200    0.0003263400    0.0031457400
  -0.0007154700    0.0003061200    0.0026724800
  -0.0007620500    0.0000096400    0.0033719800
  -0.0042385000   -0.0031236400   -0.0388747400
   0.0077749600   -0.0036643600   -0.0000874200
   0.0042059000   -0.0000046600    0.0033654900
   0.0075909900    0.0035052100    0.0068285100
  -0.0035989400    0.0028685100    0.0449813300
  -0.0090780800   -0.0002806900    0.0036543900
   0.0004047000    0.0082267300   -0.0026472500
   0.0031664200    0.0010756900    0.0024623800
   0.0031385300   -0.0010761000    0.0042756000
   0.0004684200   -0.0080091900    0.0092409400
  -0.0006405100   -0.0034206200    0.0037557000
  -0.0006546300    0.0034424700    0.0030136100
   0.0001859100    0.0027577700    0.0025936300
   0.0007436900    0.0000153700    0.0033762100
   0.0001992400   -0.0027058000    0.0041318200
   0.0009889600   -0.0018508200    0.0028983800
   0.0012501500   -0.0000134900    0.0033777200
   0.0010025500    0.0018542600    0.0038581500
  -0.0016361600    0.0017399500    0.0035155800
  -0.0016126200   -0.0017313400    0.0032426700
   0.0036334500   -0.0037147000    0.0002961200
   0.0031975100   -0.0011382600    0.0025933600
   0.0032112900    0.0011178700    0.0041390200
   0.0036422800    0.0036843500    0.0064734000
  -0.0136004500    0.0000498500    0.0033775800
   0.0205877500   -0.0000387700   -0.0032044300
  -0.0057539200   -0.0043010700   -0.0184736100
  -0.0041617200   -0.0003654400   -0.0048959800
  -0.0041668200    0.0003848800   -0.0018978000
  -0.0057854700    0.0044089700    0.0116378800
   0.0039466500    0.0020886300   -0.0038211000
   0.0041074400   -0.0020502600   -0.0028845700
  -0.0021574800   -0.0028200300   -0.0062214500
  -0.0023467000   -0.0000023200   -0.0033995600
  -0.0021511400    0.0028005500   -0.0006576400
   0.0001540500    0.0017139500   -0.0033180700
   0.0004737600    0.0000096400   -0.0033845400
   0.0001804600   -0.0017182500   -0.0034607900
  -0.0003931600   -0.0011402100   -0.0035818300
  -0.0003921400    0.0011153900   -0.0032054500
  -0.0001872800    0.0030715400   -0.0048095800
  -0.0011579500    0.0009741200   -0.0037545700
  -0.0011612000   -0.0009701200   -0.0030219900
  -0.0001864900   -0.0030905300   -0.0019553100
   0.0027141000   -0.0000163900   -0.0033860800
   0.0046670900    0.0096077500   -0.0189117900
  -0.0029993600    0.0020166400   -0.0058668800
  -0.0028423200    0.0000061600   -0.0033914800
  -0.0030240800   -0.0020076600   -0.0009048300
   0.0047174900   -0.0096429000    0.0121283600
   0.0016243500   -0.0000047300   -0.0033910700
   0.0005723000    0.0001574100   -0.0034069700
  -0.0013103100   -0.0002257900   -0.0032885900
  -0.0013160000    0.0002247400   -0.0034722800
   0.0005417000   -0.0001473300   -0.0033648300
   0.0010579400    0.0003851700   -0.0035661300
   0.0010879500   -0.0003741800   -0.0032111200
  -0.0005589500   -0.0005658100   -0.0032441600
  -0.0010751000   -0.0000037400   -0.0033844700
  -0.0005704400    0.0005659500   -0.0035207900
   0.0000268500    0.0007530800   -0.0035046300
   0.0004619700    0.0000034500   -0.0033856500
   0.0000377800   -0.0007531100   -0.0032677000
  -0.0002638100   -0.0004733500   -0.0033624300
  -0.0002627800    0.0004631700   -0.0034110700
   0.0002078100    0.0008983600   -0.0034123600
  -0.0004142900    0.0004526700   -0.0033976800
  -0.0004149600   -0.0004493500   -0.0033730700
   0.0002047600   -0.0009051900   -0.0033608000
   0.0004154900   -0.0000062700   -0.0033862000
   0.0010137200    0.0001720600   -0.0035863800
  -0.0004515000    0.0005357600   -0.0033204000
  -0.0011970700    0.0000048600   -0.0033837600
  -0.0004661100   -0.0005268900   -0.0034418700
   0.0010108800   -0.0001886100   -0.0031902300
   0.0752962900   -0.0001285800   -0.0016714800
  -0.0102969700   -0.0034342800    0.0134261600
  -0.0052881300   -0.0003160300   -0.0020835800
  -0.0052372600    0.0003430800   -0.0046834500
  -0.0100358500    0.0035278300   -0.0198620300
   0.0040107700    0.0054740100   -0.0066584200
   0.0042362800   -0.0054744100   -0.0001282000
  -0.0029772400   -0.0034438300   -0.0011819000
  -0.0027087000   -0.0000095600   -0.0033747200
  -0.0029474800    0.0033683100   -0.0055218100
  -0.0000195400    0.0023976200   -0.0033457400
   0.0010863500   -0.0000010000   -0.0033904600
   0.0000053700   -0.0024089000   -0.0034245800
  -0.0005371100   -0.0012704400   -0.0031927300
  -0.0005340500    0.0012376300   -0.0035633300
  -0.0002653100    0.0035030200   -0.0020548500
  -0.0012195700    0.0011064800   -0.0030094000
  -0.0012177600   -0.0010972000   -0.0037629400
  -0.0002703100   -0.0035253300   -0.0047317900
   0.0029370800   -0.0000053800   -0.0033840900
   0.0048195100    0.0113848800    0.0100311600
  -0.0035599500    0.0027146900   -0.0010185400
  -0.0031275800    0.0000124200   -0.0033849900
  -0.0035558500   -0.0026491300   -0.0057655700
   0.0046553800   -0.0113648100   -0.0167183100
   0.2100761300   -0.0811619700    0.0520896700
  -0.0141865500    0.0006213600   -0.0038263800
  -0.0065586200    0.0000176100   -0.0033983300
  -0.0143343000   -0.0004729300   -0.0030489800
   0.1808216300    0.0617459200   -0.0461021200
   0.0720424500   -0.0018474400   -0.0037674400
  -0.0101146200   -0.0167876500   -0.0053995700
  -0.0050192300   -0.0014752100   -0.0033934300
  -0.0049607000    0.0014838700   -0.0033934000
  -0.0098420800    0.0164657600   -0.0014852400
   0.0035968400   -0.0000403400   -0.0024909300
   0.0037512800    0.0001290600   -0.0043029700
  -0.0016442200   -0.0042014500   -0.0034055400
  -0.0013382300   -0.0000137100   -0.0033900700
  -0.0016254400    0.0041092400   -0.0033725400
  -0.0009187100    0.0032419600   -0.0032369600
  -0.0011498400    0.0000056700   -0.0033916300
  -0.0009201400   -0.0032691700   -0.0035442600
   0.0015716000   -0.0015867200   -0.0034071700
   0.0015648400    0.0015481900   -0.0033729300
  -0.0057898500    0.0151658100   -0.0029004600
  -0.0039316900    0.0016190300   -0.0034354800
  -0.0039456300   -0.0016024700   -0.0033496200
  -0.0058863700   -0.0154257000   -0.0039346300
   0.0188167700    0.0000531900   -0.0033586400
   0.0025248900   -0.0006666100   -0.0051600300
  -0.0014450100    0.0004509700   -0.0059917700
  -0.0020018400    0.0000052700   -0.0033816400
  -0.0014633400   -0.0004468000   -0.0007802200
   0.0024806500    0.0006522600   -0.0015644700
   0.0013615700    0.0000205100   -0.0033574700
   0.0006724100   -0.0017075800   -0.0055588900
  -0.0013069000   -0.0004224300   -0.0041083200
  -0.0013126400    0.0004277700   -0.0026692900
   0.0006427300    0.0017169200   -0.0011973100
   0.0003489600    0.0006683700   -0.0032318500
   0.0003551700   -0.0006517200   -0.0035211000
  -0.0001446500   -0.0011137100   -0.0038447300
  -0.0004520000   -0.0000052400   -0.0033855800
  -0.0001551900    0.0011042800   -0.0029304000
  -0.0003340000    0.0009618900   -0.0037233300
  -0.0005353500    0.0000024400   -0.0033794800
  -0.0003319600   -0.0009643400   -0.0030366100
   0.0005974300   -0.0006694100   -0.0031177800
   0.0006006100    0.0006554700   -0.0036443000
  -0.0003629200    0.0010074600   -0.0058417700
  -0.0014308100    0.0005226000   -0.0039465800
  -0.0014368900   -0.0005163100   -0.0028109300
  -0.0003752600   -0.0010132400   -0.0009190800
   0.0036240300   -0.0000089900   -0.0033694500
   0.0048758400   -0.0022275900   -0.0035094400
  -0.0020762400    0.0010385800   -0.0000463000
  -0.0023393200    0.0000073500   -0.0033821000
  -0.0020583100   -0.0009970800   -0.0066482800
   0.0046879000    0.0021850300   -0.0033692800
   0.0009617500    0.0000830400   -0.0034679800
   0.0006426800   -0.0020200400   -0.0002692100
  -0.0015881000   -0.0005095000   -0.0026035600
  -0.0015869900    0.0005043200   -0.0041521500
   0.0005922300    0.0019876100   -0.0064528000
   0.0005574900    0.0013438800   -0.0042243300
   0.0005710400   -0.0013324800   -0.0025459200
  -0.0002866900   -0.0012905100   -0.0028611000
  -0.0005639300   -0.0000072600   -0.0033843900
  -0.0002957400    0.0012733200   -0.0039025900
  -0.0003844200    0.0011286500   -0.0030987300
  -0.0004508800    0.0000034900   -0.0033876100
  -0.0003854400   -0.0011291200   -0.0036799200
   0.0006095800   -0.0007417100   -0.0036425000
   0.0006110300    0.0007283000   -0.0031349800
  -0.0004645500    0.0010989100   -0.0009258300
  -0.0015868700    0.0006631300   -0.0028034400
  -0.0015880900   -0.0006485000   -0.0039693000
  -0.0004846200   -0.0011036900   -0.0058491900
   0.0040900900   -0.0000100800   -0.0033851700

1    
  0.0000000000000000   0.0000000000000000   0.0300000000000000
   0.0000000000    0.0000000000   -0.5525194300
   0.0062428100    0.0092695600   -0.0169585800
   0.0009670900    0.0009814500   -0.0000937900
  -0.0009670900    0.0009814500   -0.0000937900
  -0.0062428100    0.0092695600   -0.0169585800
  -0.0111490800    0.0007716500   -0.0169585800
   0.0111490800    0.0007716500   -0.0169585800
   0.0017663300    0.0010197900   -0.0004359100
   0.0000000000    0.0003136800    0.0016376100
  -0.0017663300    0.0010197900   -0.0004359100
  -0.0013335000    0.0003468100   -0.0000937900
   0.0000000000    0.0028562600   -0.0004424200
   0.0013335000    0.0003468100   -0.0000937900
   0.0002716500   -0.0001568400    0.0016376100
  -0.0002716500   -0.0001568400    0.0016376100
  -0.0003664100   -0.0013282500   -0.0000937900
   0.0001525200    0.0000880600    0.0016424200
  -0.0001525200    0.0000880600    0.0016424200
   0.0003664100   -0.0013282500   -0.0000937900
   0.0000000000   -0.0020395800   -0.0004359100
  -0.0049062700   -0.0100412100   -0.0169585800
   0.0024735900   -0.0014281300   -0.0004424200
   0.0000000000   -0.0001761200    0.0016424200
  -0.0024735900   -0.0014281300   -0.0004424200
   0.0049062700   -0.0100412100   -0.0169585800
   0.0000000000    0.0000000000    0.0261478400
   0.0031504700    0.0008710400    0.0075972100
   0.0006163700    0.0002068400    0.0045632000
  -0.0006163700    0.0002068400    0.0045632000
  -0.0031504700    0.0008710400    0.0075972100
  -0.0023295800    0.0022928700    0.0075972100
   0.0023295800    0.0022928700    0.0075972100
   0.0008956000    0.0005170800    0.0047031200
   0.0000000000    0.0001878500    0.0040903200
  -0.0008956000    0.0005170800    0.0047031200
  -0.0004873100    0.0004303700    0.0045632000
   0.0000000000    0.0009751500    0.0047422100
   0.0004873100    0.0004303700    0.0045632000
   0.0001626800   -0.0000939300    0.0040903200
  -0.0001626800   -0.0000939300    0.0040903200
   0.0001290500   -0.0006372100    0.0045632000
   0.0000921600    0.0000532100    0.0041062200
  -0.0000921600    0.0000532100    0.0041062200
  -0.0001290500   -0.0006372100    0.0045632000
   0.0000000000   -0.0010341500    0.0047031200
   0.0008208900   -0.0031639100    0.0075972100
   0.0008445100   -0.0004875800    0.0047422100
   0.0000000000   -0.0001064100    0.0041062200
  -0.0008445100   -0.0004875800    0.0047422100
  -0.0008208900   -0.0031639100    0.0075972100
   0.0000000000    0.0000000000    0.0258576300
  -0.0065914100   -0.0031334700    0.0076244300
  -0.0012434300   -0.0006618400    0.0045998100
   0.0012434300   -0.0006618400    0.0045998100
   0.0065914100   -0.0031334700    0.0076244300
   0.0060093700   -0.0041416000    0.0076244300
  -0.0060093700   -0.0041416000    0.0076244300
  -0.0019942800   -0.0011514000    0.0047852900
   0.0000000000   -0.0004002200    0.0041376900
   0.0019942800   -0.0011514000    0.0047852900
   0.0011948900   -0.0007459300    0.0045998100
   0.0000000000   -0.0020195700    0.0047437500
  -0.0011948900   -0.0007459300    0.0045998100
  -0.0003466000    0.0002001100    0.0041376900
   0.0003466000    0.0002001100    0.0041376900
  -0.0000485500    0.0014077600    0.0045998100
  -0.0001509000   -0.0000871200    0.0041332000
   0.0001509000   -0.0000871200    0.0041332000
   0.0000485500    0.0014077600    0.0045998100
   0.0000000000    0.0023028000    0.0047852900
  -0.0005820400    0.0072750700    0.0076244300
  -0.0017490000    0.0010097800    0.0047437500
   0.0000000000    0.0001742400    0.0041332000
   0.0017490000    0.0010097800    0.0047437500
   0.0005820400    0.0072750700    0.0076244300
   0.0430195900   -0.0248373700    0.0353316400
   0.0034650100   -0.0015944800    0.0033043500
   0.0000000000   -0.0005568200    0.0029755600
  -0.0034650100   -0.0015944800    0.0033043500
  -0.0430195900   -0.0248373700    0.0353316400
   0.0000000000    0.0496747400    0.0353316400
   0.0059961500    0.0034618800    0.0043869100
   0.0009117500    0.0003655300    0.0029264800
  -0.0009117500    0.0003655300    0.0029264800
  -0.0059961500    0.0034618800    0.0043869100
  -0.0003516400    0.0037980300    0.0033043500
   0.0003516400    0.0037980300    0.0033043500
   0.0007724300    0.0006068400    0.0029264800
   0.0000000000    0.0000000000    0.0029563700
  -0.0007724300    0.0006068400    0.0029264800
   0.0004822200    0.0002784100    0.0029755600
   0.0000000000    0.0008969600    0.0029075000
  -0.0004822200    0.0002784100    0.0029755600
  -0.0001393200   -0.0009723600    0.0029264800
   0.0001393200   -0.0009723600    0.0029264800
   0.0031133700   -0.0022035500    0.0033043500
   0.0007767900   -0.0004484800    0.0029075000
  -0.0007767900   -0.0004484800    0.0029075000
  -0.0031133700   -0.0022035500    0.0033043500
   0.0000000000   -0.0069237600    0.0043869100
  -0.0007950200    0.0004590000    0.0112634600
  -0.0006539000    0.0004323500    0.0060126600
   0.0000000000    0.0001936300    0.0047817900
   0.0006539000    0.0004323500    0.0060126600
   0.0007950200    0.0004590000    0.0112634600
   0.0000000000   -0.0009180100    0.0112634600
  -0.0004834900   -0.0002791400    0.0066739500
  -0.0002173900   -0.0000150800    0.0048100800
   0.0002173900   -0.0000150800    0.0048100800
   0.0004834900   -0.0002791400    0.0066739500
  -0.0000474800   -0.0007824700    0.0060126600
   0.0000474800   -0.0007824700    0.0060126600
  -0.0001217600   -0.0001807200    0.0048100800
   0.0000000000    0.0000000000    0.0044262500
   0.0001217600   -0.0001807200    0.0048100800
  -0.0001676900   -0.0000968200    0.0047817900
   0.0000000000   -0.0002573100    0.0046978600
   0.0001676900   -0.0000968200    0.0047817900
   0.0000956300    0.0001958000    0.0048100800
  -0.0000956300    0.0001958000    0.0048100800
  -0.0007013800    0.0003501200    0.0060126600
  -0.0002228400    0.0001286600    0.0046978600
   0.0002228400    0.0001286600    0.0046978600
   0.0007013800    0.0003501200    0.0060126600
   0.0000000000    0.0005582800    0.0066739500
  -0.0583205000    0.0336713500    0.0345419200
  -0.0048734800    0.0030259200    0.0033596400
   0.0000000000    0.0007426700    0.0029801000
   0.0048734800    0.0030259200    0.0033596400
   0.0583205000    0.0336713500    0.0345419200
   0.0000000000   -0.0673427100    0.0345419200
  -0.0091105900   -0.0052600000    0.0044573100
  -0.0009933100   -0.0005010000    0.0029292800
   0.0009933100   -0.0005010000    0.0029292800
   0.0091105900   -0.0052600000    0.0044573100
  -0.0001837800   -0.0057335200    0.0033596400
   0.0001837800   -0.0057335200    0.0033596400
  -0.0009305300   -0.0006097300    0.0029292800
   0.0000000000    0.0000000000    0.0029508900
   0.0009305300   -0.0006097300    0.0029292800
  -0.0006431800   -0.0003713400    0.0029801000
   0.0000000000   -0.0008252600    0.0029070400
   0.0006431800   -0.0003713400    0.0029801000
   0.0000627800    0.0011107300    0.0029292800
  -0.0000627800    0.0011107300    0.0029292800
  -0.0050572700    0.0027076000    0.0033596400
  -0.0007146900    0.0004126300    0.0029070400
   0.0007146900    0.0004126300    0.0029070400
   0.0050572700    0.0027076000    0.0033596400
   0.0000000000    0.0105200100    0.0044573100
   0.0000000000    0.0000000000   -0.0455248400
  -0.0074856500    0.0004908100   -0.0050970500
  -0.0014206300   -0.0000539100   -0.0036623900
   0.0014206300   -0.0000539100   -0.0036623900
   0.0074856500    0.0004908100   -0.0050970500
   0.0033177800   -0.0067281700   -0.0050970500
  -0.0033177800   -0.0067281700   -0.0050970500
  -0.0016138600   -0.0009317600   -0.0036601100
   0.0000000000   -0.0002558000   -0.0034111700
   0.0016138600   -0.0009317600   -0.0036601100
   0.0007570000   -0.0012033500   -0.0036623900
   0.0000000000   -0.0019335400   -0.0036302600
  -0.0007570000   -0.0012033500   -0.0036623900
  -0.0002215300    0.0001279000   -0.0034111700
   0.0002215300    0.0001279000   -0.0034111700
  -0.0006636300    0.0012572500   -0.0036623900
  -0.0002202600   -0.0001271700   -0.0034002500
   0.0002202600   -0.0001271700   -0.0034002500
   0.0006636300    0.0012572500   -0.0036623900
   0.0000000000    0.0018635300   -0.0036601100
  -0.0041678700    0.0062373600   -0.0050970500
  -0.0016744900    0.0009667700   -0.0036302600
   0.0000000000    0.0002543300   -0.0034002500
   0.0016744900    0.0009667700   -0.0036302600
   0.0041678700    0.0062373600   -0.0050970500
   0.0000000000    0.0000000000   -0.0112959100
   0.0014169500    0.0005777900   -0.0085799600
   0.0003951600    0.0000565000   -0.0049849800
  -0.0003951600    0.0000565000   -0.0049849800
  -0.0014169500    0.0005777900   -0.0085799600
  -0.0012088500    0.0009382200   -0.0085799600
   0.0012088500    0.0009382200   -0.0085799600
   0.0005823000    0.0003361900   -0.0052673400
   0.0000000000    0.0000901900   -0.0044702900
  -0.0005823000    0.0003361900   -0.0052673400
  -0.0002465100    0.0003139700   -0.0049849800
   0.0000000000    0.0005796400   -0.0054052800
   0.0002465100    0.0003139700   -0.0049849800
   0.0000781000   -0.0000450900   -0.0044702900
  -0.0000781000   -0.0000450900   -0.0044702900
   0.0001486500   -0.0003704700   -0.0049849800
   0.0000728800    0.0000420800   -0.0044987800
  -0.0000728800    0.0000420800   -0.0044987800
  -0.0001486500   -0.0003704700   -0.0049849800
   0.0000000000   -0.0006723800   -0.0052673400
   0.0002081000   -0.0015160100   -0.0085799600
   0.0005019900   -0.0002898200   -0.0054052800
   0.0000000000   -0.0000841500   -0.0044987800
  -0.0005019900   -0.0002898200   -0.0054052800
  -0.0002081000   -0.0015160100   -0.0085799600
   0.0000000000    0.0000000000    0.2011118900
   0.0173971000   -0.0036387900    0.0040580900
   0.0022456600   -0.0002836900   -0.0016983500
  -0.0022456600   -0.0002836900   -0.0016983500
  -0.0173971000   -0.0036387900    0.0040580900
  -0.0055472700    0.0168857300    0.0040580900
   0.0055472700    0.0168857300    0.0040580900
   0.0019614000    0.0011324100   -0.0012364100
   0.0000000000    0.0002202900   -0.0022961100
  -0.0019614000    0.0011324100   -0.0012364100
  -0.0008771500    0.0020866500   -0.0016983500
   0.0000000000    0.0025971400   -0.0011567100
   0.0008771500    0.0020866500   -0.0016983500
   0.0001907800   -0.0001101500   -0.0022961100
  -0.0001907800   -0.0001101500   -0.0022961100
   0.0013685100   -0.0018029600   -0.0016983500
   0.0002489000    0.0001437000   -0.0022754700
  -0.0002489000    0.0001437000   -0.0022754700
  -0.0013685100   -0.0018029600   -0.0016983500
   0.0000000000   -0.0022648300   -0.0012364100
   0.0118498300   -0.0132469400    0.0040580900
   0.0022491900   -0.0012985700   -0.0011567100
   0.0000000000   -0.0002874100   -0.0022754700
  -0.0022491900   -0.0012985700   -0.0011567100
  -0.0118498300   -0.0132469400    0.0040580900
   0.0499152100   -0.0288185600    0.0846257900
  -0.0065012100   -0.0007928100    0.0002374500
   0.0000000000   -0.0001294800   -0.0016821900
   0.0065012100   -0.0007928100    0.0002374500
  -0.0499152100   -0.0288185600    0.0846257900
   0.0000000000    0.0576371200    0.0846257900
  -0.0069900700   -0.0040357200    0.0031803300
  -0.0010231800   -0.0004781800   -0.0016910000
   0.0010231800   -0.0004781800   -0.0016910000
   0.0069900700   -0.0040357200    0.0031803300
   0.0039372000   -0.0052338100    0.0002374500
  -0.0039372000   -0.0052338100    0.0002374500
  -0.0009257100   -0.0006470100   -0.0016910000
   0.0000000000    0.0000000000   -0.0022935800
   0.0009257100   -0.0006470100   -0.0016910000
   0.0001121400    0.0000647400   -0.0016821900
   0.0000000000   -0.0006407100   -0.0019296300
  -0.0001121400    0.0000647400   -0.0016821900
   0.0000974700    0.0011251900   -0.0016910000
  -0.0000974700    0.0011251900   -0.0016910000
  -0.0025640100    0.0060266200    0.0002374500
  -0.0005548700    0.0003203500   -0.0019296300
   0.0005548700    0.0003203500   -0.0019296300
   0.0025640100    0.0060266200    0.0002374500
   0.0000000000    0.0080714400    0.0031803300
  -0.0035085300    0.0020256500   -0.0125376200
  -0.0011794700    0.0001492100   -0.0058220700
   0.0000000000    0.0000332300   -0.0045654600
   0.0011794700    0.0001492100   -0.0058220700
   0.0035085300    0.0020256500   -0.0125376200
   0.0000000000   -0.0040513000   -0.0125376200
  -0.0012811400   -0.0007396700   -0.0065712400
  -0.0003392900   -0.0001744600   -0.0046256300
   0.0003392900   -0.0001744600   -0.0046256300
   0.0012811400   -0.0007396700   -0.0065712400
   0.0004605200   -0.0010960600   -0.0058220700
  -0.0004605200   -0.0010960600   -0.0058220700
  -0.0003207300   -0.0002066100   -0.0046256300
   0.0000000000    0.0000000000   -0.0042498100
   0.0003207300   -0.0002066100   -0.0046256300
  -0.0000287800   -0.0000166100   -0.0045654600
   0.0000000000   -0.0002654200   -0.0045041200
   0.0000287800   -0.0000166100   -0.0045654600
   0.0000185600    0.0003810700   -0.0046256300
  -0.0000185600    0.0003810700   -0.0046256300
  -0.0007189500    0.0009468500   -0.0058220700
  -0.0002298600    0.0001327100   -0.0045041200
   0.0002298600    0.0001327100   -0.0045041200
   0.0007189500    0.0009468500   -0.0058220700
   0.0000000000    0.0014793400   -0.0065712400
   0.0115832100   -0.0066875700   -0.0198140600
   0.0032759700   -0.0004667400   -0.0048331300
   0.0000000000   -0.0000927000   -0.0037980400
  -0.0032759700   -0.0004667400   -0.0048331300
  -0.0115832100   -0.0066875700   -0.0198140600
   0.0000000000    0.0133751400   -0.0198140600
   0.0036101200    0.0020843100   -0.0054828600
   0.0008895400    0.0004100600   -0.0037822600
  -0.0008895400    0.0004100600   -0.0037822600
  -0.0036101200    0.0020843100   -0.0054828600
  -0.0012337800    0.0030704400   -0.0048331300
   0.0012337800    0.0030704400   -0.0048331300
   0.0007998900    0.0005653300   -0.0037822600
   0.0000000000    0.0000000000   -0.0035907300
  -0.0007998900    0.0005653300   -0.0037822600
   0.0000802800    0.0000463500   -0.0037980400
   0.0000000000    0.0006668500   -0.0036738100
  -0.0000802800    0.0000463500   -0.0037980400
  -0.0000896500   -0.0009753900   -0.0037822600
   0.0000896500   -0.0009753900   -0.0037822600
   0.0020421900   -0.0026037000   -0.0048331300
   0.0005775000   -0.0003334200   -0.0036738100
  -0.0005775000   -0.0003334200   -0.0036738100
  -0.0020421900   -0.0026037000   -0.0048331300
   0.0000000000   -0.0041686100   -0.0054828600

1    
  0.0000000000000000   0.0000000000000000  -0.0300000000000000
   0.0000000000    0.0000000000    0.6196409800
  -0.0070719500   -0.0093800300    0.0240037800
  -0.0010086800   -0.0010135100    0.0068991400
   0.0010086800   -0.0010135100    0.0068991400
   0.0070719500   -0.0093800300    0.0240037800
   0.0116593100   -0.0014344700    0.0240037800
  -0.0116593100   -0.0014344700    0.0240037800
  -0.0018367100   -0.0010604300    0.0072685500
   0.0000000000   -0.0003239500    0.0051365700
   0.0018367100   -0.0010604300    0.0072685500
   0.0013820700   -0.0003667900    0.0068991400
   0.0000000000   -0.0029641100    0.0072610700
  -0.0013820700   -0.0003667900    0.0068991400
  -0.0002805500    0.0001619800    0.0051365700
   0.0002805500    0.0001619800    0.0051365700
   0.0003733900    0.0013803000    0.0068991400
  -0.0001537100   -0.0000887400    0.0051443200
   0.0001537100   -0.0000887400    0.0051443200
  -0.0003733900    0.0013803000    0.0068991400
   0.0000000000    0.0021208500    0.0072685500
   0.0045873700    0.0108145000    0.0240037800
  -0.0025670000    0.0014820600    0.0072610700
   0.0000000000    0.0001774900    0.0051443200
   0.0025670000    0.0014820600    0.0072610700
  -0.0045873700    0.0108145000    0.0240037800
   0.0000000000    0.0000000000   -0.0183410000
  -0.0029857300   -0.0008134300   -0.0008373800
  -0.0005947000   -0.0001944700    0.0021623000
   0.0005947000   -0.0001944700    0.0021623000
   0.0029857300   -0.0008134300   -0.0008373800
   0.0021973100   -0.0021790000   -0.0008373800
  -0.0021973100   -0.0021790000   -0.0008373800
  -0.0008680800   -0.0005011900    0.0020220500
   0.0000000000   -0.0001870000    0.0026314300
   0.0008680800   -0.0005011900    0.0020220500
   0.0004657700   -0.0004177900    0.0021623000
   0.0000000000   -0.0009306300    0.0019844800
  -0.0004657700   -0.0004177900    0.0021623000
  -0.0001619500    0.0000935000    0.0026314300
   0.0001619500    0.0000935000    0.0026314300
  -0.0001289300    0.0006122600    0.0021623000
  -0.0000827800   -0.0000477900    0.0026307500
   0.0000827800   -0.0000477900    0.0026307500
   0.0001289300    0.0006122600    0.0021623000
   0.0000000000    0.0010023700    0.0020220500
  -0.0007884200    0.0029924300   -0.0008373800
  -0.0008059500    0.0004653100    0.0019844800
   0.0000000000    0.0000955900    0.0026307500
   0.0008059500    0.0004653100    0.0019844800
   0.0007884200    0.0029924300   -0.0008373800
   0.0000000000    0.0000000000   -0.0185795600
   0.0065559900    0.0030912200   -0.0008072000
   0.0012479600    0.0006630600    0.0021972000
  -0.0012479600    0.0006630600    0.0021972000
  -0.0065559900    0.0030912200   -0.0008072000
  -0.0059550700    0.0041320500   -0.0008072000
   0.0059550700    0.0041320500   -0.0008072000
   0.0019996900    0.0011545200    0.0020260700
   0.0000000000    0.0003956900    0.0026569500
  -0.0019996900    0.0011545200    0.0020260700
  -0.0011982100    0.0007492400    0.0021972000
   0.0000000000    0.0020237300    0.0020629000
   0.0011982100    0.0007492400    0.0021972000
   0.0003426800   -0.0001978500    0.0026569500
  -0.0003426800   -0.0001978500    0.0026569500
   0.0000497600   -0.0014122900    0.0021972000
   0.0001592600    0.0000919500    0.0026782600
  -0.0001592600    0.0000919500    0.0026782600
  -0.0000497600   -0.0014122900    0.0021972000
   0.0000000000   -0.0023090400    0.0020260700
   0.0006009200   -0.0072232700   -0.0008072000
   0.0017526000   -0.0010118600    0.0020629000
   0.0000000000   -0.0001839000    0.0026782600
  -0.0017526000   -0.0010118600    0.0020629000
  -0.0006009200   -0.0072232700   -0.0008072000
  -0.0409082600    0.0236184000   -0.0281243300
  -0.0034535800    0.0015507200    0.0033359100
   0.0000000000    0.0005519500    0.0037785900
   0.0034535800    0.0015507200    0.0033359100
   0.0409082600    0.0236184000   -0.0281243300
   0.0000000000   -0.0472367900   -0.0281243300
  -0.0058944100   -0.0034031400    0.0022166700
  -0.0009030400   -0.0003629100    0.0038312400
   0.0009030400   -0.0003629100    0.0038312400
   0.0058944100   -0.0034031400    0.0022166700
   0.0003838300   -0.0037662400    0.0033359100
  -0.0003838300   -0.0037662400    0.0033359100
  -0.0007658100   -0.0006006000    0.0038312400
   0.0000000000    0.0000000000    0.0038232100
   0.0007658100   -0.0006006000    0.0038312400
  -0.0004780000   -0.0002759700    0.0037785900
   0.0000000000   -0.0008943000    0.0038462100
   0.0004780000   -0.0002759700    0.0037785900
   0.0001372300    0.0009635100    0.0038312400
  -0.0001372300    0.0009635100    0.0038312400
  -0.0030697500    0.0022155300    0.0033359100
  -0.0007744800    0.0004471500    0.0038462100
   0.0007744800    0.0004471500    0.0038462100
   0.0030697500    0.0022155300    0.0033359100
   0.0000000000    0.0068062800    0.0022166700
   0.0008034100   -0.0004638500   -0.0043399200
   0.0006861900   -0.0004357000    0.0007711600
   0.0000000000   -0.0001845600    0.0019847700
  -0.0006861900   -0.0004357000    0.0007711600
  -0.0008034100   -0.0004638500   -0.0043399200
   0.0000000000    0.0009276900   -0.0043399200
   0.0005057500    0.0002919900    0.0001022700
   0.0002312500    0.0000088700    0.0019541800
  -0.0002312500    0.0000088700    0.0019541800
  -0.0005057500    0.0002919900    0.0001022700
   0.0000342300    0.0008121100    0.0007711600
  -0.0000342300    0.0008121100    0.0007711600
   0.0001233000    0.0001958300    0.0019541800
   0.0000000000    0.0000000000    0.0023409200
  -0.0001233000    0.0001958300    0.0019541800
   0.0001598300    0.0000922800    0.0019847700
   0.0000000000    0.0002586300    0.0020526600
  -0.0001598300    0.0000922800    0.0019847700
  -0.0001079400   -0.0002047000    0.0019541800
   0.0001079400   -0.0002047000    0.0019541800
   0.0007204300   -0.0003764100    0.0007711600
   0.0002239800   -0.0001293100    0.0020526600
  -0.0002239800   -0.0001293100    0.0020526600
  -0.0007204300   -0.0003764100    0.0007711600
   0.0000000000   -0.0005839900    0.0001022700
   0.0589729100   -0.0340480300   -0.0289307100
   0.0049270800   -0.0030836500    0.0033876700
   0.0000000000   -0.0007403000    0.0037826900
  -0.0049270800   -0.0030836500    0.0033876700
  -0.0589729100   -0.0340480300   -0.0289307100
   0.0000000000    0.0680960500   -0.0289307100
   0.0091629900    0.0052902500    0.0022806100
   0.0010055000    0.0005008600    0.0038336500
  -0.0010055000    0.0005008600    0.0038336500
  -0.0091629900    0.0052902500    0.0022806100
   0.0002069800    0.0058088000    0.0033876700
  -0.0002069800    0.0058088000    0.0033876700
   0.0009365100    0.0006203600    0.0038336500
   0.0000000000    0.0000000000    0.0038188500
  -0.0009365100    0.0006203600    0.0038336500
   0.0006411200    0.0003701500    0.0037826900
   0.0000000000    0.0008160500    0.0038464700
  -0.0006411200    0.0003701500    0.0037826900
  -0.0000690000   -0.0011212200    0.0038336500
   0.0000690000   -0.0011212200    0.0038336500
   0.0051340600   -0.0027251500    0.0033876700
   0.0007067200   -0.0004080300    0.0038464700
  -0.0007067200   -0.0004080300    0.0038464700
  -0.0051340600   -0.0027251500    0.0033876700
   0.0000000000   -0.0105805100    0.0022806100
   0.0000000000    0.0000000000    0.0363991300
   0.0072446100   -0.0004371700   -0.0014796600
   0.0013989900    0.0000608100   -0.0030664400
  -0.0013989900    0.0000608100   -0.0030664400
  -0.0072446100   -0.0004371700   -0.0014796600
  -0.0032437000    0.0064926000   -0.0014796600
   0.0032437000    0.0064926000   -0.0014796600
   0.0016019300    0.0009248700   -0.0030545000
   0.0000000000    0.0002555000   -0.0033405500
  -0.0016019300    0.0009248700   -0.0030545000
  -0.0007521500    0.0011811500   -0.0030664400
   0.0000000000    0.0019117800   -0.0030874600
   0.0007521500    0.0011811500   -0.0030664400
   0.0002212700   -0.0001277500   -0.0033405500
  -0.0002212700   -0.0001277500   -0.0033405500
   0.0006468300   -0.0012419600   -0.0030664400
   0.0002182300    0.0001260000   -0.0033487600
  -0.0002182300    0.0001260000   -0.0033487600
  -0.0006468300   -0.0012419600   -0.0030664400
   0.0000000000   -0.0018497500   -0.0030545000
   0.0040009000   -0.0060554300   -0.0014796600
   0.0016556500   -0.0009558900   -0.0030874600
   0.0000000000   -0.0002519900   -0.0033487600
  -0.0016556500   -0.0009558900   -0.0030874600
  -0.0040009000   -0.0060554300   -0.0014796600
   0.0000000000    0.0000000000    0.0044131700
  -0.0014389700   -0.0005757400    0.0017366000
  -0.0004047300   -0.0000576000   -0.0017937200
   0.0004047300   -0.0000576000   -0.0017937200
   0.0014389700   -0.0005757400    0.0017366000
   0.0012180900   -0.0009583200    0.0017366000
  -0.0012180900   -0.0009583200    0.0017366000
  -0.0005954900   -0.0003438100   -0.0015114100
   0.0000000000   -0.0000927800   -0.0023042500
   0.0005954900   -0.0003438100   -0.0015114100
   0.0002522400   -0.0003217100   -0.0017937200
   0.0000000000   -0.0005926600   -0.0013764400
  -0.0002522400   -0.0003217100   -0.0017937200
  -0.0000803500    0.0000463900   -0.0023042500
   0.0000803500    0.0000463900   -0.0023042500
  -0.0001524900    0.0003793000   -0.0017937200
  -0.0000753200   -0.0000434900   -0.0022755100
   0.0000753200   -0.0000434900   -0.0022755100
   0.0001524900    0.0003793000   -0.0017937200
   0.0000000000    0.0006876100   -0.0015114100
  -0.0002208800    0.0015340600    0.0017366000
  -0.0005132600    0.0002963300   -0.0013764400
   0.0000000000    0.0000869800   -0.0022755100
   0.0005132600    0.0002963300   -0.0013764400
   0.0002208800    0.0015340600    0.0017366000
   0.0000000000    0.0000000000   -0.2617340500
  -0.0176487600    0.0036891000   -0.0109078700
  -0.0022666900    0.0002948400   -0.0050879400
   0.0022666900    0.0002948400   -0.0050879400
   0.0176487600    0.0036891000   -0.0109078700
   0.0056295300   -0.0171288200   -0.0109078700
  -0.0056295300   -0.0171288200   -0.0109078700
  -0.0019727900   -0.0011389900   -0.0055555900
   0.0000000000   -0.0002206200   -0.0044784200
   0.0019727900   -0.0011389900   -0.0055555900
   0.0008780100   -0.0021104300   -0.0050879400
   0.0000000000   -0.0026136600   -0.0056393400
  -0.0008780100   -0.0021104300   -0.0050879400
  -0.0001910600    0.0001103100   -0.0044784200
   0.0001910600    0.0001103100   -0.0044784200
  -0.0013886800    0.0018156000   -0.0050879400
  -0.0002503000   -0.0001445100   -0.0045005500
   0.0002503000   -0.0001445100   -0.0045005500
   0.0013886800    0.0018156000   -0.0050879400
   0.0000000000    0.0022779800   -0.0055555900
  -0.0120192300    0.0134397300   -0.0109078700
  -0.0022635000    0.0013068300   -0.0056393400
   0.0000000000    0.0002890200   -0.0045005500
   0.0022635000    0.0013068300   -0.0056393400
   0.0120192300    0.0134397300   -0.0109078700
  -0.0475559700    0.0274564500   -0.0926464200
   0.0067524300    0.0008318600   -0.0070173000
   0.0000000000    0.0001354300   -0.0050894600
  -0.0067524300    0.0008318600   -0.0070173000
   0.0475559700    0.0274564500   -0.0926464200
   0.0000000000   -0.0549129000   -0.0926464200
   0.0072249700    0.0041713400   -0.0099173800
   0.0010607500    0.0004965100   -0.0050791800
  -0.0010607500    0.0004965100   -0.0050791800
  -0.0072249700    0.0041713400   -0.0099173800
  -0.0040966300    0.0054318400   -0.0070173000
   0.0040966300    0.0054318400   -0.0070173000
   0.0009603600    0.0006703900   -0.0050791800
   0.0000000000    0.0000000000   -0.0044747000
  -0.0009603600    0.0006703900   -0.0050791800
  -0.0001172800   -0.0000677100   -0.0050894600
   0.0000000000    0.0006617300   -0.0048393600
   0.0001172800   -0.0000677100   -0.0050894600
  -0.0001003900   -0.0011668900   -0.0050791800
   0.0001003900   -0.0011668900   -0.0050791800
   0.0026558000   -0.0062637100   -0.0070173000
   0.0005730800   -0.0003308700   -0.0048393600
  -0.0005730800   -0.0003308700   -0.0048393600
  -0.0026558000   -0.0062637100   -0.0070173000
   0.0000000000   -0.0083426800   -0.0099173800
   0.0033067200   -0.0019091300    0.0054867900
   0.0011267700   -0.0001451200   -0.0009299800
   0.0000000000   -0.0000327700   -0.0021813700
  -0.0011267700   -0.0001451200   -0.0009299800
  -0.0033067200   -0.0019091300    0.0054867900
   0.0000000000    0.0038182700    0.0054867900
   0.0012205400    0.0007046800   -0.0001834300
   0.0003277900    0.0001693500   -0.0021209800
  -0.0003277900    0.0001693500   -0.0021209800
  -0.0012205400    0.0007046800   -0.0001834300
  -0.0004377000    0.0010483700   -0.0009299800
   0.0004377000    0.0010483700   -0.0009299800
   0.0003105500    0.0001992100   -0.0021209800
   0.0000000000    0.0000000000   -0.0025027200
  -0.0003105500    0.0001992100   -0.0021209800
   0.0000283800    0.0000163800   -0.0021813700
   0.0000000000    0.0002574500   -0.0022442100
  -0.0000283800    0.0000163800   -0.0021813700
  -0.0000172400   -0.0003685500   -0.0021209800
   0.0000172400   -0.0003685500   -0.0021209800
   0.0006890600   -0.0009032500   -0.0009299800
   0.0002229600   -0.0001287300   -0.0022442100
  -0.0002229600   -0.0001287300   -0.0022442100
  -0.0006890600   -0.0009032500   -0.0009299800
   0.0000000000   -0.0014093600   -0.0001834300
  -0.0113786200    0.0065694500    0.0128801000
  -0.0032690400    0.0004794800   -0.0019432200
   0.0000000000    0.0000935700   -0.0029870600
   0.0032690400    0.0004794800   -0.0019432200
   0.0113786200    0.0065694500    0.0128801000
   0.0000000000   -0.0131389000    0.0128801000
  -0.0036051200   -0.0020814200   -0.0013017300
  -0.0008914500   -0.0004109000   -0.0030047100
   0.0008914500   -0.0004109000   -0.0030047100
   0.0036051200   -0.0020814200   -0.0013017300
   0.0012192800   -0.0030708100   -0.0019432200
  -0.0012192800   -0.0030708100   -0.0019432200
  -0.0008015700   -0.0005665700   -0.0030047100
   0.0000000000    0.0000000000   -0.0031930100
   0.0008015700   -0.0005665700   -0.0030047100
  -0.0000810300   -0.0000467800   -0.0029870600
   0.0000000000   -0.0006683200   -0.0031145900
   0.0000810300   -0.0000467800   -0.0029870600
   0.0000898800    0.0009774700   -0.0030047100
  -0.0000898800    0.0009774700   -0.0030047100
  -0.0020497600    0.0025913300   -0.0019432200
  -0.0005787800    0.0003341600   -0.0031145900
   0.0005787800    0.0003341600   -0.0031145900
   0.0020497600    0.0025913300   -0.0019432200
   0.0000000000    0.0041628300   -0.0013017300

151  
  0.0300000000000000   0.0000000000000000   0.0000000000000000
   0.0205928200   -0.0000915300    0.0033918100
  -0.0057590200   -0.0035759200    0.0107945000
  -0.0041594600   -0.0007908200    0.0048078300
  -0.0041549600    0.0007691400    0.0019800600
  -0.0057956100    0.0035974600   -0.0039221800
   0.0045919600    0.0016976700   -0.0006983000
   0.0047875000   -0.0016751800    0.0074497000
  -0.0030092300   -0.0020158500    0.0050545500
  -0.0028443000   -0.0000036700    0.0033912900
  -0.0030081100    0.0020108600    0.0017304900
  -0.0002089100    0.0019196100    0.0027277900
   0.0027076800    0.0000191300    0.0033704400
  -0.0001608200   -0.0019151900    0.0040370900
  -0.0011589500   -0.0009786500    0.0036058800
  -0.0011578800    0.0009618100    0.0031598400
   0.0001660800    0.0028902000    0.0041426300
  -0.0003938200    0.0011512300    0.0036131400
  -0.0003906500   -0.0011188100    0.0031601400
   0.0001693800   -0.0028569100    0.0026305400
   0.0004723200    0.0000135200    0.0033956500
   0.0040143100    0.0099930500    0.0066718600
  -0.0021455800    0.0028088600    0.0050018200
  -0.0023588000    0.0000066600    0.0034010900
  -0.0021445600   -0.0027937700    0.0017896100
   0.0040331700   -0.0100361600    0.0001241400
   0.0753024400   -0.0001537100    0.0016274200
  -0.0101873600   -0.0027509700   -0.0143803000
  -0.0052647700   -0.0006319900    0.0010893400
  -0.0052463200    0.0006153800    0.0055913500
  -0.0101469800    0.0027936700    0.0206763300
   0.0045927700    0.0051375700    0.0153003800
   0.0048748800   -0.0051025100   -0.0085733300
  -0.0035477500   -0.0026887700    0.0011132200
  -0.0031325000   -0.0000055100    0.0033679500
  -0.0035567400    0.0026667800    0.0056080100
  -0.0002834900    0.0025555900    0.0047557400
   0.0029294100    0.0000284600    0.0033697200
  -0.0002381700   -0.0025519000    0.0020037300
  -0.0012230300   -0.0011062600    0.0031166400
  -0.0012226400    0.0010992900    0.0036182400
  -0.0000135800    0.0033640000    0.0024851300
  -0.0005324600    0.0012693500    0.0031877900
  -0.0005384100   -0.0012357800    0.0035584600
   0.0000002600   -0.0033571300    0.0042502300
   0.0010850100    0.0000071100    0.0033722300
   0.0041208500    0.0117079600   -0.0022338700
  -0.0029522300    0.0034165900    0.0013889800
  -0.0027061700    0.0000093600    0.0033741700
  -0.0029679900   -0.0033836900    0.0053237400
   0.0041180100   -0.0117527800    0.0089495500
   0.0016218300   -0.0000038800    0.0034201800
   0.0005569800    0.0000780200    0.0019770300
  -0.0013020200   -0.0000256900    0.0029908500
  -0.0013188700    0.0000231500    0.0037910800
   0.0005555400   -0.0000886400    0.0048389800
   0.0010133700    0.0004074100    0.0036344300
   0.0010110600   -0.0004151200    0.0032009900
  -0.0004514300   -0.0005272200    0.0028969800
  -0.0011960300   -0.0000017100    0.0033948200
  -0.0004666400    0.0005357000    0.0039068400
   0.0001920500    0.0006565400    0.0035490900
   0.0004212500    0.0000076300    0.0033936400
   0.0002135200   -0.0006502600    0.0032555800
  -0.0004160900   -0.0004542700    0.0033258000
  -0.0004121200    0.0004467800    0.0034671900
   0.0000355400    0.0010028300    0.0031403000
  -0.0002658900    0.0004756000    0.0033280500
  -0.0002629300   -0.0004577100    0.0034826900
   0.0000325700   -0.0009992900    0.0036438800
   0.0004585700    0.0000088200    0.0034070800
   0.0010679500    0.0001382500    0.0021868800
  -0.0005595000    0.0005586200    0.0028042800
  -0.0010734300   -0.0000000200    0.0033985200
  -0.0005707400   -0.0005710900    0.0039913800
   0.0010774700   -0.0001522700    0.0046237800
   0.2097287000   -0.0816393300   -0.0524165400
  -0.0143134900    0.0105169400    0.0100812200
  -0.0065471400    0.0000294100    0.0034092100
  -0.0142153500   -0.0103651700   -0.0031877900
   0.1811658200    0.0612856200    0.0457811800
   0.0720547500   -0.0019321400    0.0037754300
  -0.0099953400   -0.0168800700    0.0105313100
  -0.0049984300   -0.0022515800    0.0044454000
  -0.0049677200    0.0021797100    0.0023717800
  -0.0099681300    0.0163794500   -0.0036900100
   0.0036898000    0.0098851700   -0.0006394300
   0.0036548000   -0.0097321400    0.0074048200
  -0.0016082000   -0.0034196800    0.0043356300
  -0.0013388700   -0.0000004000    0.0034012600
  -0.0016551100    0.0033966700    0.0024512800
  -0.0009253200    0.0032725700    0.0032809800
  -0.0011372700    0.0000161100    0.0034000800
  -0.0009307000   -0.0032318200    0.0035113400
   0.0015715600   -0.0023112500    0.0033056300
   0.0015688200    0.0023078800    0.0035060600
  -0.0058146100    0.0054178400    0.0059952100
  -0.0039431000    0.0016278400    0.0039502000
  -0.0039221100   -0.0016013500    0.0028448000
  -0.0058756600   -0.0053865400    0.0007670200
   0.0188208000    0.0000163400    0.0033857200
   0.0047792300   -0.0022359800   -0.0080477700
  -0.0020463000    0.0001732900    0.0001041900
  -0.0023402700    0.0000015800    0.0033732000
  -0.0020895700   -0.0001859300    0.0066321600
   0.0047849600    0.0021800700    0.0149105900
   0.0009648700   -0.0000355100    0.0035192400
   0.0006385600   -0.0020056100   -0.0002361600
  -0.0015747000   -0.0005435200    0.0024849400
  -0.0015899600    0.0005251100    0.0042753300
   0.0005865400    0.0020075100    0.0069752400
   0.0005569800    0.0005325800    0.0046220700
   0.0005659300   -0.0004757000    0.0021726300
  -0.0002822200   -0.0012512300    0.0025676800
  -0.0005609700   -0.0000032600    0.0033817000
  -0.0002973900    0.0012560700    0.0041836000
  -0.0003999800    0.0011341900    0.0033070300
  -0.0004462700   -0.0000012500    0.0033795700
  -0.0003770000   -0.0011186000    0.0034665500
   0.0006027800   -0.0007594600    0.0034703900
   0.0006214700    0.0007592500    0.0032954400
  -0.0004699800    0.0019327100    0.0013451400
  -0.0015854700    0.0006726100    0.0027966700
  -0.0015930400   -0.0006479500    0.0039478300
  -0.0004806500   -0.0019428200    0.0054259900
   0.0040941600    0.0000026000    0.0033724600
   0.0025161900   -0.0006623700    0.0067965200
  -0.0014535400    0.0003827900    0.0045532000
  -0.0019944600    0.0000141800    0.0033822600
  -0.0014628000   -0.0003778100    0.0022421400
   0.0024891500    0.0006643100   -0.0000197900
   0.0013719700   -0.0000100800    0.0033505400
   0.0006719200   -0.0017241500    0.0046404900
  -0.0013097500   -0.0004419500    0.0037200900
  -0.0013136200    0.0004238500    0.0030513100
   0.0006386100    0.0016930000    0.0021341600
   0.0003550800    0.0006171000    0.0029320500
   0.0003464600   -0.0005840400    0.0038265400
  -0.0001433300   -0.0011005600    0.0036918000
  -0.0004438500    0.0000027000    0.0033824700
  -0.0001613400    0.0010990300    0.0030595800
  -0.0003327700    0.0009673200    0.0034065700
  -0.0005337400    0.0000012100    0.0033810000
  -0.0003286500   -0.0009556700    0.0033503100
   0.0005896500   -0.0006766900    0.0033616500
   0.0006024300    0.0006639300    0.0034016500
  -0.0003647600    0.0010812200    0.0040863600
  -0.0014435100    0.0005243700    0.0036022800
  -0.0014295800   -0.0005185900    0.0031472100
  -0.0003780000   -0.0010807900    0.0026738100
   0.0036311400    0.0000037900    0.0033705300
  -0.6284958300    0.0233748900    0.0115765700
   0.0516500100   -0.0049961900   -0.0072318600
   0.0112346900   -0.0003396600   -0.0037612500
   0.0110883000    0.0003372800   -0.0030177400
   0.0495411000    0.0049310700    0.0004459500
   0.0018054600   -0.0330233000   -0.0014664700
   0.0015795100    0.0333390900   -0.0051712000
   0.0048376300    0.0052372100   -0.0035421400
   0.0036893200    0.0000161400   -0.0033874600
   0.0048590600   -0.0051277100   -0.0032258800
   0.0015441000   -0.0059141800   -0.0031149600
  -0.0041259800   -0.0000133600   -0.0033848400
   0.0015228500    0.0058792600   -0.0036535600
   0.0010682500    0.0015153900   -0.0034269400
   0.0010759700   -0.0015068800   -0.0033466800
   0.0015345900   -0.0052325900   -0.0034874800
   0.0010767800   -0.0015278500   -0.0034179700
   0.0010692200    0.0014938800   -0.0033562100
   0.0015315700    0.0052041600   -0.0032834000
  -0.0041262900   -0.0000159800   -0.0033850700
   0.0016583100   -0.0234194600   -0.0053505100
   0.0048611300   -0.0052297500   -0.0036532500
   0.0036908200   -0.0000163000   -0.0033882600
   0.0048344500    0.0051339100   -0.0031255300
   0.0017363000    0.0231033500   -0.0013798000
  -0.0050627400    0.0000301500   -0.0034170400
   0.0008579300    0.0013109200    0.0012562800
   0.0020636600    0.0002264600   -0.0023652200
   0.0020676400   -0.0002196900   -0.0043917900
   0.0008887400   -0.0012959300   -0.0080467100
  -0.0018779200   -0.0004720400   -0.0037871000
  -0.0019501900    0.0004546400   -0.0030741100
   0.0009595300    0.0010921400   -0.0020296300
   0.0014950900    0.0000029100   -0.0033835700
   0.0009830500   -0.0010886900   -0.0047377300
  -0.0000130800   -0.0009690700   -0.0038839900
  -0.0008375500   -0.0000144200   -0.0033940800
  -0.0000296200    0.0009529300   -0.0028970500
   0.0004284700    0.0006127700   -0.0032255100
   0.0004368500   -0.0006146600   -0.0035493400
  -0.0000024400   -0.0014414400   -0.0028670100
   0.0004537000   -0.0006241700   -0.0032322200
   0.0004512100    0.0006077100   -0.0035410400
  -0.0000048800    0.0014343500   -0.0039079400
  -0.0009174600    0.0000015800   -0.0033882400
  -0.0020539300   -0.0028326300    0.0009142700
   0.0010310800   -0.0010842900   -0.0019037000
   0.0015185600   -0.0000032300   -0.0033824000
   0.0010372300    0.0010776500   -0.0048565500
  -0.0020461500    0.0028361000   -0.0076769300
  -0.0050623500    0.0000277100   -0.0033834000
   0.0008642500    0.0011511300   -0.0071978400
   0.0020656600    0.0002483100   -0.0042848500
   0.0020659200   -0.0002390300   -0.0025016300
   0.0008813800   -0.0011408100    0.0004150600
  -0.0020232500   -0.0003886500   -0.0027958600
  -0.0020769600    0.0003801600   -0.0039382400
   0.0010275100    0.0010843700   -0.0046105400
   0.0015190200    0.0000039100   -0.0033869600
   0.0010400800   -0.0010783000   -0.0021694800
   0.0000031100   -0.0009754600   -0.0029257100
  -0.0009185700   -0.0000090500   -0.0033816200
  -0.0000104200    0.0009652100   -0.0038402200
   0.0004498100    0.0006141800   -0.0035370800
   0.0004562700   -0.0006176600   -0.0032308700
  -0.0000178400   -0.0014319600   -0.0038190600
   0.0004329300   -0.0006206900   -0.0035134500
   0.0004311800    0.0006053100   -0.0032558200
  -0.0000233500    0.0014242900   -0.0029501100
  -0.0008382700   -0.0000022200   -0.0033878100
  -0.0019122300   -0.0029124800   -0.0066286600
   0.0009686700   -0.0010974300   -0.0046810200
   0.0014935000   -0.0000039300   -0.0033881600
   0.0009746300    0.0010855800   -0.0021016600
  -0.0019152200    0.0029133700   -0.0001573900
   0.0019981200   -0.0106049500   -0.0273673200
   0.0053115600   -0.0019053900   -0.0083247000
   0.0040435800   -0.0000036200   -0.0034022500
   0.0052825600    0.0018682900    0.0014485800
   0.0020870400    0.0104886600    0.0202618300
  -0.0162227900   -0.0000873800   -0.0032232000
   0.0011698300    0.0045190700   -0.0092702400
   0.0028928900    0.0009434600   -0.0044888300
   0.0028935300   -0.0009188000   -0.0023083800
   0.0012285600   -0.0044383200    0.0024427100
  -0.0017532600   -0.0024748000   -0.0008876300
  -0.0017840900    0.0024379000   -0.0058743400
   0.0009745900    0.0020377300   -0.0043175400
   0.0011511400    0.0000050300   -0.0033896300
   0.0009872700   -0.0020240800   -0.0024615700
   0.0005215700   -0.0020427200   -0.0034068900
   0.0002120900   -0.0000124400   -0.0033883400
   0.0005143400    0.0020266800   -0.0033660100
  -0.0006307300    0.0011029600   -0.0032270100
  -0.0006240200   -0.0011092800   -0.0035499400
   0.0012685100   -0.0039560800   -0.0057855600
   0.0022309100   -0.0011777100   -0.0040044900
   0.0022272300    0.0011513400   -0.0027824900
   0.0012720000    0.0039397800   -0.0010002300
  -0.0065576300   -0.0000101600   -0.0033966000
   0.0019572900   -0.0106383500    0.0307737100
   0.0052959700   -0.0016363300    0.0018045700
   0.0040434200   -0.0000034400   -0.0033652200
   0.0052973700    0.0016078300   -0.0084529700
   0.0021200000    0.0104500700   -0.0371358900
  -0.0162195600   -0.0001734900   -0.0037480100
   0.0011497800    0.0045055500    0.0026061800
   0.0028889700    0.0009371000   -0.0022993400
   0.0028966800   -0.0009171500   -0.0044407500
   0.0012489600   -0.0044519600   -0.0093093000
  -0.0017419900   -0.0022238900   -0.0062518800
  -0.0017947000    0.0021598100   -0.0005054600
   0.0009699600    0.0020385200   -0.0024375000
   0.0011502100    0.0000046200   -0.0033785800
   0.0009917000   -0.0020306200   -0.0043183900
   0.0005225400   -0.0020455000   -0.0034032300
   0.0002113300   -0.0000161500   -0.0033804400
   0.0005146100    0.0020247000   -0.0033585300
  -0.0006304700    0.0011016800   -0.0035081600
  -0.0006250500   -0.0011024300   -0.0032492400
   0.0012629700   -0.0042101000   -0.0011179100
   0.0022311600   -0.0011752300   -0.0027628000
   0.0022273700    0.0011543200   -0.0039852900
   0.0012770100    0.0042126600   -0.0056279600
  -0.0065573900    0.0000113600   -0.0033721400
  -0.0015835900    0.0002449200   -0.0032884800
   0.0008595100   -0.0002609200   -0.0032545700
   0.0014797800    0.0000003300   -0.0033908400
   0.0008710000    0.0002679700   -0.0035275500
  -0.0015721900   -0.0002309100   -0.0035008600
  -0.0011641000    0.0000040500   -0.0033983500
  -0.0004647900    0.0010412900   -0.0032567400
   0.0009838300    0.0002926100   -0.0033469300
   0.0009920000   -0.0002876700   -0.0034350200
  -0.0004422600   -0.0010309300   -0.0035331200
  -0.0003636500   -0.0004541200   -0.0033890600
  -0.0003700500    0.0004394100   -0.0033995500
   0.0001549200    0.0007666200   -0.0033540000
   0.0004404100    0.0000016000   -0.0033904300
   0.0001660700   -0.0007668400   -0.0034277300
   0.0001808600   -0.0007550700   -0.0033799300
   0.0003246100   -0.0000079800   -0.0033901600
   0.0001768900    0.0007461900   -0.0034017000
  -0.0003426900    0.0004776000   -0.0033989600
  -0.0003388200   -0.0004791700   -0.0033837600
   0.0000889000   -0.0007108200   -0.0032490600
   0.0010058300   -0.0003972700   -0.0033525400
   0.0010064000    0.0003904000   -0.0034278400
   0.0000920800    0.0007113300   -0.0035344800
  -0.0022461700    0.0000044100   -0.0033919800

151  
  0.0000000000000000   0.0000000000000000   0.0300000000000000
   0.0000000000    0.0000000000   -0.0370117800
   0.0150389800    0.0091925300    0.0015333300
   0.0014962700    0.0007808100    0.0030710500
  -0.0014962700    0.0007808100    0.0030710500
  -0.0150389800    0.0091925300    0.0015333300
  -0.0154804600    0.0084278800    0.0015333300
   0.0154804600    0.0084278800    0.0015333300
   0.0024819600    0.0014329600    0.0030953700
   0.0000000000    0.0004232100    0.0033448200
  -0.0024819600    0.0014329600    0.0030953700
  -0.0014243400    0.0009054100    0.0030710500
   0.0000000000    0.0031969600    0.0030628400
   0.0014243400    0.0009054100    0.0030710500
   0.0003665100   -0.0002116100    0.0033448200
  -0.0003665100   -0.0002116100    0.0033448200
   0.0000719400   -0.0016862200    0.0030710500
   0.0001901700    0.0001098000    0.0033403300
  -0.0001901700    0.0001098000    0.0033403300
  -0.0000719400   -0.0016862200    0.0030710500
   0.0000000000   -0.0028659200    0.0030953700
  -0.0004414700   -0.0176204100    0.0015333300
   0.0027686500   -0.0015984800    0.0030628400
   0.0000000000   -0.0002195900    0.0033403300
  -0.0027686500   -0.0015984800    0.0030628400
   0.0004414700   -0.0176204100    0.0015333300
   0.0000000000    0.0000000000    0.2617358800
  -0.0168069800   -0.0058740700    0.0109958500
  -0.0012979500   -0.0007982700    0.0050933400
   0.0012979500   -0.0007982700    0.0050933400
   0.0168069800   -0.0058740700    0.0109958500
   0.0134905800   -0.0116182300    0.0109958500
  -0.0134905800   -0.0116182300    0.0109958500
  -0.0023803900   -0.0013743200    0.0056457300
   0.0000000000   -0.0004371700    0.0044937000
   0.0023803900   -0.0013743200    0.0056457300
   0.0013403000   -0.0007249200    0.0050933400
   0.0000000000   -0.0025089900    0.0055605800
  -0.0013403000   -0.0007249200    0.0050933400
  -0.0003786000    0.0002185900    0.0044937000
   0.0003786000    0.0002185900    0.0044937000
   0.0000423500    0.0015231900    0.0050933400
  -0.0001829200   -0.0001056100    0.0044776300
   0.0001829200   -0.0001056100    0.0044776300
  -0.0000423500    0.0015231900    0.0050933400
   0.0000000000    0.0027486400    0.0056457300
  -0.0033163900    0.0174923000    0.0109958500
  -0.0021728500    0.0012544900    0.0055605800
   0.0000000000    0.0002112100    0.0044776300
   0.0021728500    0.0012544900    0.0055605800
   0.0033163900    0.0174923000    0.0109958500
   0.0000000000    0.0000000000   -0.0044818600
   0.0000132700    0.0002203800   -0.0017731000
  -0.0000968000    0.0000813400    0.0017940800
   0.0000968000    0.0000813400    0.0017940800
  -0.0000132700    0.0002203800   -0.0017731000
  -0.0001974900   -0.0000987000   -0.0017731000
   0.0001974900   -0.0000987000   -0.0017731000
  -0.0000714600   -0.0000412600    0.0013760000
   0.0000000000    0.0000107100    0.0022794100
   0.0000714600   -0.0000412600    0.0013760000
  -0.0000220400   -0.0001245000    0.0017940800
   0.0000000000   -0.0001649000    0.0015115300
   0.0000220400   -0.0001245000    0.0017940800
   0.0000092700   -0.0000053500    0.0022794100
  -0.0000092700   -0.0000053500    0.0022794100
  -0.0001188400    0.0000431600    0.0017940800
  -0.0000243700   -0.0000140700    0.0023138100
   0.0000243700   -0.0000140700    0.0023138100
   0.0001188400    0.0000431600    0.0017940800
   0.0000000000    0.0000825100    0.0013760000
  -0.0001842200   -0.0001216800   -0.0017731000
  -0.0001428100    0.0000824500    0.0015115300
   0.0000000000    0.0000281400    0.0023138100
   0.0001428100    0.0000824500    0.0015115300
   0.0001842200   -0.0001216800   -0.0017731000
  -0.0475334500    0.0274434500    0.0930265800
   0.0004482800    0.0007695300    0.0069618200
   0.0000000000    0.0001623800    0.0050831900
  -0.0004482800    0.0007695300    0.0069618200
   0.0475334500    0.0274434500    0.0930265800
   0.0000000000   -0.0548869000    0.0930265800
   0.0020188100    0.0011655600    0.0098884600
   0.0000138800    0.0000273900    0.0050793600
  -0.0000138800    0.0000273900    0.0050793600
  -0.0020188100    0.0011655600    0.0098884600
  -0.0008905700    0.0000034600    0.0069618200
   0.0008905700    0.0000034600    0.0069618200
   0.0000306600   -0.0000016800    0.0050793600
   0.0000000000    0.0000000000    0.0044842000
  -0.0000306600   -0.0000016800    0.0050793600
  -0.0001406300   -0.0000811900    0.0050831900
   0.0000000000    0.0000576200    0.0048398000
   0.0001406300   -0.0000811900    0.0050831900
   0.0000167900   -0.0000257200    0.0050793600
  -0.0000167900   -0.0000257200    0.0050793600
  -0.0004422900   -0.0007729900    0.0069618200
   0.0000499000   -0.0000288100    0.0048398000
  -0.0000499000   -0.0000288100    0.0048398000
   0.0004422900   -0.0007729900    0.0069618200
   0.0000000000   -0.0023311200    0.0098884600
   0.0000710200   -0.0000410000   -0.0130498300
  -0.0033278600    0.0009422400    0.0019394900
   0.0000000000    0.0003421000    0.0029828100
   0.0033278600    0.0009422400    0.0019394900
  -0.0000710200   -0.0000410000   -0.0130498300
   0.0000000000    0.0000820000   -0.0130498300
  -0.0031141300   -0.0017979500    0.0012883800
  -0.0007764900   -0.0001570400    0.0029991300
   0.0007764900   -0.0001570400    0.0029991300
   0.0031141300   -0.0017979500    0.0012883800
   0.0008479200   -0.0033531300    0.0019394900
  -0.0008479200   -0.0033531300    0.0019394900
  -0.0005242500   -0.0005939400    0.0029991300
   0.0000000000    0.0000000000    0.0031877900
   0.0005242500   -0.0005939400    0.0029991300
  -0.0002962700   -0.0001710500    0.0029828100
   0.0000000000   -0.0006788200    0.0031046600
   0.0002962700   -0.0001710500    0.0029828100
   0.0002522400    0.0007509800    0.0029991300
  -0.0002522400    0.0007509800    0.0029991300
  -0.0024799300    0.0024108900    0.0019394900
  -0.0005878800    0.0003394100    0.0031046600
   0.0005878800    0.0003394100    0.0031046600
   0.0024799300    0.0024108900    0.0019394900
   0.0000000000    0.0035958900    0.0012883800
   0.0017994800   -0.0010389300   -0.0056239100
   0.0025958700   -0.0013357000    0.0009232200
   0.0000000000   -0.0003925300    0.0021744600
  -0.0025958700   -0.0013357000    0.0009232200
  -0.0017994800   -0.0010389300   -0.0056239100
   0.0000000000    0.0020778700   -0.0056239100
   0.0021711700    0.0012535300    0.0001665700
   0.0007189900    0.0001089400    0.0021154600
  -0.0007189900    0.0001089400    0.0021154600
  -0.0021711700    0.0012535300    0.0001665700
  -0.0001411800    0.0029159500    0.0009232200
   0.0001411800    0.0029159500    0.0009232200
   0.0004538300    0.0005681900    0.0021154600
   0.0000000000    0.0000000000    0.0024970600
  -0.0004538300    0.0005681900    0.0021154600
   0.0003399400    0.0001962700    0.0021744600
   0.0000000000    0.0006486800    0.0022341700
  -0.0003399400    0.0001962700    0.0021744600
  -0.0002651500   -0.0006771300    0.0021154600
   0.0002651500   -0.0006771300    0.0021154600
   0.0024546900   -0.0015802400    0.0009232200
   0.0005617700   -0.0003243400    0.0022341700
  -0.0005617700   -0.0003243400    0.0022341700
  -0.0024546900   -0.0015802400    0.0009232200
   0.0000000000   -0.0025070500    0.0001665700
   0.0000000000    0.0000000000   -0.6307320100
   0.0036231300    0.0001110700   -0.0177759600
   0.0003430400   -0.0000879900   -0.0055033200
  -0.0003430400   -0.0000879900   -0.0055033200
  -0.0036231300    0.0001110700   -0.0177759600
  -0.0019077500    0.0030821900   -0.0177759600
   0.0019077500    0.0030821900   -0.0177759600
   0.0002382100    0.0001375300   -0.0059401000
   0.0000000000    0.0000320700   -0.0046937700
  -0.0002382100    0.0001375300   -0.0059401000
  -0.0000953200    0.0003410700   -0.0055033200
   0.0000000000    0.0001530200   -0.0059376500
   0.0000953200    0.0003410700   -0.0055033200
   0.0000277700   -0.0000160300   -0.0046937700
  -0.0000277700   -0.0000160300   -0.0046937700
   0.0002477200   -0.0002530800   -0.0055033200
   0.0000360800    0.0000208300   -0.0046916600
  -0.0000360800    0.0000208300   -0.0046916600
  -0.0002477200   -0.0002530800   -0.0055033200
   0.0000000000   -0.0002750600   -0.0059401000
   0.0017153800   -0.0031932600   -0.0177759600
   0.0001325200   -0.0000765100   -0.0059376500
   0.0000000000   -0.0000416600   -0.0046916600
  -0.0001325200   -0.0000765100   -0.0059376500
  -0.0017153800   -0.0031932600   -0.0177759600
   0.0000000000    0.0000000000    0.0068449200
   0.0038409600    0.0015580700    0.0030805200
   0.0008977300   -0.0000136400   -0.0023747000
  -0.0008977300   -0.0000136400   -0.0023747000
  -0.0038409600    0.0015580700    0.0030805200
  -0.0032698000    0.0025473300    0.0030805200
   0.0032698000    0.0025473300    0.0030805200
   0.0013002900    0.0007507200   -0.0020496500
   0.0000000000    0.0001505400   -0.0027301700
  -0.0013002900    0.0007507200   -0.0020496500
  -0.0004370500    0.0007842800   -0.0023747000
   0.0000000000    0.0014207900   -0.0021245700
   0.0004370500    0.0007842800   -0.0023747000
   0.0001303700   -0.0000752700   -0.0027301700
  -0.0001303700   -0.0000752700   -0.0027301700
   0.0004606800   -0.0007706300   -0.0023747000
   0.0001539000    0.0000888500   -0.0027459500
  -0.0001539000    0.0000888500   -0.0027459500
  -0.0004606800   -0.0007706300   -0.0023747000
   0.0000000000   -0.0015014400   -0.0020496500
   0.0005711500   -0.0041054000    0.0030805200
   0.0012304400   -0.0007103900   -0.0021245700
   0.0000000000   -0.0001777000   -0.0027459500
  -0.0012304400   -0.0007103900   -0.0021245700
  -0.0005711500   -0.0041054000    0.0030805200
   0.0000000000    0.0000000000    0.0067924200
  -0.0046366000   -0.0022573700    0.0030418900
  -0.0010112800   -0.0000145600   -0.0023552000
   0.0010112800   -0.0000145600   -0.0023552000
   0.0046366000   -0.0022573700    0.0030418900
   0.0042732400   -0.0028867300    0.0030418900
  -0.0042732400   -0.0028867300    0.0030418900
  -0.0014719200   -0.0008498100   -0.0021002700
   0.0000000000   -0.0001781400   -0.0027291900
   0.0014719200   -0.0008498100   -0.0021002700
   0.0005182500   -0.0008685100   -0.0023552000
   0.0000000000   -0.0015590300   -0.0020313500
  -0.0005182500   -0.0008685100   -0.0023552000
  -0.0001542700    0.0000890700   -0.0027291900
   0.0001542700    0.0000890700   -0.0027291900
  -0.0004930300    0.0008830700   -0.0023552000
  -0.0001620600   -0.0000935700   -0.0027135200
   0.0001620600   -0.0000935700   -0.0027135200
   0.0004930300    0.0008830700   -0.0023552000
   0.0000000000    0.0016996300   -0.0021002700
  -0.0003633600    0.0051441000    0.0030418900
  -0.0013501600    0.0007795200   -0.0020313500
   0.0000000000    0.0001871300   -0.0027135200
   0.0013501600    0.0007795200   -0.0020313500
   0.0003633600    0.0051441000    0.0030418900
  -0.0334583500    0.0193171900    0.0286856700
  -0.0051099700   -0.0003489600   -0.0053018100
   0.0000000000   -0.0000245500   -0.0040171400
   0.0051099700   -0.0003489600   -0.0053018100
   0.0334583500    0.0193171900    0.0286856700
   0.0000000000   -0.0386343700    0.0286856700
  -0.0059562000   -0.0034388100   -0.0053773800
  -0.0010706900   -0.0004679900   -0.0041055800
   0.0010706900   -0.0004679900   -0.0041055800
   0.0059562000   -0.0034388100   -0.0053773800
   0.0028572000   -0.0042508800   -0.0053018100
  -0.0028572000   -0.0042508800   -0.0053018100
  -0.0009406400   -0.0006932500   -0.0041055800
   0.0000000000    0.0000000000   -0.0038880600
   0.0009406400   -0.0006932500   -0.0041055800
   0.0000212600    0.0000122700   -0.0040171400
   0.0000000000   -0.0007062300   -0.0040070600
  -0.0000212600    0.0000122700   -0.0040171400
   0.0001300600    0.0011612400   -0.0041055800
  -0.0001300600    0.0011612400   -0.0041055800
  -0.0022527700    0.0045998500   -0.0053018100
  -0.0006116100    0.0003531100   -0.0040070600
   0.0006116100    0.0003531100   -0.0040070600
   0.0022527700    0.0045998500   -0.0053018100
   0.0000000000    0.0068776300   -0.0053773800
   0.0243181200   -0.0140400700    0.0296871100
   0.0049220700    0.0000657700   -0.0053677900
   0.0000000000   -0.0000232300   -0.0040337900
  -0.0049220700    0.0000657700   -0.0053677900
  -0.0243181200   -0.0140400700    0.0296871100
   0.0000000000    0.0280801500    0.0296871100
   0.0058969100    0.0034045800   -0.0054565600
   0.0010947600    0.0004447700   -0.0041244200
  -0.0010947600    0.0004447700   -0.0041244200
  -0.0058969100    0.0034045800   -0.0054565600
  -0.0025179900    0.0042297600   -0.0053677900
   0.0025179900    0.0042297600   -0.0053677900
   0.0009325600    0.0007257000   -0.0041244200
   0.0000000000    0.0000000000   -0.0038983000
  -0.0009325600    0.0007257000   -0.0041244200
   0.0000201200    0.0000116200   -0.0040337900
   0.0000000000    0.0007071600   -0.0040208800
  -0.0000201200    0.0000116200   -0.0040337900
  -0.0001621900   -0.0011704700   -0.0041244200
   0.0001621900   -0.0011704700   -0.0041244200
   0.0024040800   -0.0042955200   -0.0053677900
   0.0006124200   -0.0003535800   -0.0040208800
  -0.0006124200   -0.0003535800   -0.0040208800
  -0.0024040800   -0.0042955200   -0.0053677900
   0.0000000000   -0.0068091700   -0.0054565600
  -0.0000991900    0.0000572700    0.0024411100
  -0.0001293200    0.0000830100   -0.0004323400
   0.0000000000    0.0000119400   -0.0020564200
   0.0001293200    0.0000830100   -0.0004323400
   0.0000991900    0.0000572700    0.0024411100
   0.0000000000   -0.0001145300    0.0024411100
  -0.0001300600   -0.0000750900    0.0011963400
  -0.0000409700   -0.0000148200   -0.0019126900
   0.0000409700   -0.0000148200   -0.0019126900
   0.0001300600   -0.0000750900    0.0011963400
  -0.0000072300   -0.0001535000   -0.0004323400
   0.0000072300   -0.0001535000   -0.0004323400
  -0.0000333200   -0.0000280600   -0.0019126900
   0.0000000000    0.0000000000   -0.0023595600
   0.0000333200   -0.0000280600   -0.0019126900
  -0.0000103400   -0.0000059700   -0.0020564200
   0.0000000000   -0.0000403900   -0.0020970700
   0.0000103400   -0.0000059700   -0.0020564200
   0.0000076400    0.0000428900   -0.0019126900
  -0.0000076400    0.0000428900   -0.0019126900
  -0.0001365500    0.0000704900   -0.0004323400
  -0.0000349800    0.0000202000   -0.0020970700
   0.0000349800    0.0000202000   -0.0020970700
   0.0001365500    0.0000704900   -0.0004323400
   0.0000000000    0.0001501800    0.0011963400

151  
  0.0000000000000000   0.0000000000000000  -0.0300000000000000
   0.0000000000    0.0000000000    0.0448488800
  -0.0150721400   -0.0092769700    0.0051583100
  -0.0014982300   -0.0007830800    0.0036682500
   0.0014982300   -0.0007830800    0.0036682500
   0.0150721400   -0.0092769700    0.0051583100
   0.0155701600   -0.0084143700    0.0051583100
  -0.0155701600   -0.0084143700    0.0051583100
  -0.0024728800   -0.0014277200    0.0036403600
   0.0000000000   -0.0004193100    0.0033962800
   0.0024728800   -0.0014277200    0.0036403600
   0.0014272800   -0.0009059600    0.0036682500
   0.0000000000   -0.0032236900    0.0036696600
  -0.0014272800   -0.0009059600    0.0036682500
  -0.0003631300    0.0002096500    0.0033962800
   0.0003631300    0.0002096500    0.0033962800
  -0.0000709400    0.0016890400    0.0036682500
  -0.0001864500   -0.0001076500    0.0034097100
   0.0001864500   -0.0001076500    0.0034097100
   0.0000709400    0.0016890400    0.0036682500
   0.0000000000    0.0028554300    0.0036403600
   0.0004980200    0.0176913400    0.0051583100
  -0.0027918000    0.0016118500    0.0036696600
   0.0000000000    0.0002153000    0.0034097100
   0.0027918000    0.0016118500    0.0036696600
  -0.0004980200    0.0176913400    0.0051583100
   0.0000000000    0.0000000000   -0.2011332800
   0.0164834300    0.0058034300   -0.0039742900
   0.0012972900    0.0007917700    0.0017051200
  -0.0012972900    0.0007917700    0.0017051200
  -0.0164834300    0.0058034300   -0.0039742900
  -0.0132676300    0.0113733500   -0.0039742900
   0.0132676300    0.0113733500   -0.0039742900
   0.0023629500    0.0013642500    0.0011655700
   0.0000000000    0.0004313800    0.0022700100
  -0.0023629500    0.0013642500    0.0011655700
  -0.0013343400    0.0007276000    0.0017051200
   0.0000000000    0.0024955600    0.0012441800
   0.0013343400    0.0007276000    0.0017051200
   0.0003735900   -0.0002156900    0.0022700100
  -0.0003735900   -0.0002156900    0.0022700100
  -0.0000370500   -0.0015193700    0.0017051200
   0.0001873400    0.0001081600    0.0022938500
  -0.0001873400    0.0001081600    0.0022938500
   0.0000370500   -0.0015193700    0.0017051200
   0.0000000000   -0.0027285000    0.0011655700
   0.0032158000   -0.0171767800   -0.0039742900
   0.0021612200   -0.0012477800    0.0012441800
   0.0000000000   -0.0002163200    0.0022938500
  -0.0021612200   -0.0012477800    0.0012441800
  -0.0032158000   -0.0171767800   -0.0039742900
   0.0000000000    0.0000000000    0.0112239400
  -0.0000296500   -0.0002133000    0.0085374300
   0.0000871000   -0.0000854400    0.0049877100
  -0.0000871000   -0.0000854400    0.0049877100
   0.0000296500   -0.0002133000    0.0085374300
   0.0001995500    0.0000809700    0.0085374300
  -0.0001995500    0.0000809700    0.0085374300
   0.0000502100    0.0000289900    0.0054084800
   0.0000000000   -0.0000171600    0.0045041400
  -0.0000502100    0.0000289900    0.0054084800
   0.0000304500    0.0001181500    0.0049877100
   0.0000000000    0.0001562700    0.0052721000
  -0.0000304500    0.0001181500    0.0049877100
  -0.0000148600    0.0000085800    0.0045041400
   0.0000148600    0.0000085800    0.0045041400
   0.0001175400   -0.0000327100    0.0049877100
   0.0000259500    0.0000149800    0.0044800900
  -0.0000259500    0.0000149800    0.0044800900
  -0.0001175400   -0.0000327100    0.0049877100
   0.0000000000   -0.0000579800    0.0054084800
   0.0001699000    0.0001323300    0.0085374300
   0.0001353300   -0.0000781300    0.0052721000
   0.0000000000   -0.0000299700    0.0044800900
  -0.0001353300   -0.0000781300    0.0052721000
  -0.0001699000    0.0001323300    0.0085374300
   0.0499699800   -0.0288501800   -0.0842542300
  -0.0003293900   -0.0008733800   -0.0002838700
   0.0000000000   -0.0001913200    0.0016802300
   0.0003293900   -0.0008733800   -0.0002838700
  -0.0499699800   -0.0288501800   -0.0842542300
   0.0000000000    0.0577003600   -0.0842542300
  -0.0018909100   -0.0010917200   -0.0031996200
   0.0000132500   -0.0000121100    0.0016935500
  -0.0000132500   -0.0000121100    0.0016935500
   0.0018909100   -0.0010917200   -0.0031996200
   0.0009210700    0.0001514300   -0.0002838700
  -0.0009210700    0.0001514300   -0.0002838700
  -0.0000038600    0.0000175300    0.0016935500
   0.0000000000    0.0000000000    0.0023016100
   0.0000038600    0.0000175300    0.0016935500
   0.0001656900    0.0000956600    0.0016802300
   0.0000000000   -0.0000394200    0.0019316400
  -0.0001656900    0.0000956600    0.0016802300
  -0.0000171100   -0.0000054200    0.0016935500
   0.0000171100   -0.0000054200    0.0016935500
   0.0005916800    0.0007219500   -0.0002838700
  -0.0000341400    0.0000197100    0.0019316400
   0.0000341400    0.0000197100    0.0019316400
  -0.0005916800    0.0007219500   -0.0002838700
   0.0000000000    0.0021834400   -0.0031996200
  -0.0000704900    0.0000407000    0.0196567800
   0.0032696000   -0.0009302300    0.0048289200
   0.0000000000   -0.0003293900    0.0037919700
  -0.0032696000   -0.0009302300    0.0048289200
   0.0000704900    0.0000407000    0.0196567800
   0.0000000000   -0.0000814000    0.0196567800
   0.0030627800    0.0017683000    0.0054715200
   0.0007690800    0.0001508600    0.0037756000
  -0.0007690800    0.0001508600    0.0037756000
  -0.0030627800    0.0017683000    0.0054715200
  -0.0008292000    0.0032966700    0.0048289200
   0.0008292000    0.0032966700    0.0048289200
   0.0005151900    0.0005906200    0.0037756000
   0.0000000000    0.0000000000    0.0035888100
  -0.0005151900    0.0005906200    0.0037756000
   0.0002852600    0.0001647000    0.0037919700
   0.0000000000    0.0006638900    0.0036632700
  -0.0002852600    0.0001647000    0.0037919700
  -0.0002538900   -0.0007414700    0.0037756000
   0.0002538900   -0.0007414700    0.0037756000
   0.0024404000   -0.0023664400    0.0048289200
   0.0005749400   -0.0003319400    0.0036632700
  -0.0005749400   -0.0003319400    0.0036632700
  -0.0024404000   -0.0023664400    0.0048289200
   0.0000000000   -0.0035365900    0.0054715200
  -0.0017952300    0.0010364800    0.0123875400
  -0.0026109900    0.0013378500    0.0058138800
   0.0000000000    0.0003997800    0.0045611700
   0.0026109900    0.0013378500    0.0058138800
   0.0017952300    0.0010364800    0.0123875400
   0.0000000000   -0.0020729600    0.0123875400
  -0.0021859700   -0.0012620700    0.0065527900
  -0.0007192900   -0.0001130400    0.0046213600
   0.0007192900   -0.0001130400    0.0046213600
   0.0021859700   -0.0012620700    0.0065527900
   0.0001468800   -0.0029301100    0.0058138800
  -0.0001468800   -0.0029301100    0.0058138800
  -0.0004575400   -0.0005664000    0.0046213600
   0.0000000000    0.0000000000    0.0042460300
   0.0004575400   -0.0005664000    0.0046213600
  -0.0003462200   -0.0001998900    0.0045611700
   0.0000000000   -0.0006616600    0.0044984000
   0.0003462200   -0.0001998900    0.0045611700
   0.0002617500    0.0006794400    0.0046213600
  -0.0002617500    0.0006794400    0.0046213600
  -0.0024641100    0.0015922600    0.0058138800
  -0.0005730100    0.0003308300    0.0044984000
   0.0005730100    0.0003308300    0.0044984000
   0.0024641100    0.0015922600    0.0058138800
   0.0000000000    0.0025241400    0.0065527900
   0.0000000000    0.0000000000    0.5632128700
  -0.0040432400   -0.0000411000    0.0108995300
  -0.0004000200    0.0001058000   -0.0012641900
   0.0004000200    0.0001058000   -0.0012641900
   0.0040432400   -0.0000411000    0.0108995300
   0.0020572100   -0.0034810000    0.0108995300
  -0.0020572100   -0.0034810000    0.0108995300
  -0.0002873900   -0.0001659300   -0.0008384400
   0.0000000000   -0.0000384800   -0.0020843800
   0.0002873900   -0.0001659300   -0.0008384400
   0.0001083800   -0.0003993200   -0.0012641900
   0.0000000000   -0.0002148100   -0.0008361000
  -0.0001083800   -0.0003993200   -0.0012641900
  -0.0000333300    0.0000192400   -0.0020843800
   0.0000333300    0.0000192400   -0.0020843800
  -0.0002916300    0.0002935200   -0.0012641900
  -0.0000444600   -0.0000256700   -0.0020823400
   0.0000444600   -0.0000256700   -0.0020823400
   0.0002916300    0.0002935200   -0.0012641900
   0.0000000000    0.0003318500   -0.0008384400
  -0.0019860300    0.0035221000    0.0108995300
  -0.0001860300    0.0001074000   -0.0008361000
   0.0000000000    0.0000513300   -0.0020823400
   0.0001860300    0.0001074000   -0.0008361000
   0.0019860300    0.0035221000    0.0108995300
   0.0000000000    0.0000000000   -0.0135033500
  -0.0037711800   -0.0015194000   -0.0097778900
  -0.0008847100    0.0000127100   -0.0044028600
   0.0008847100    0.0000127100   -0.0044028600
   0.0037711800   -0.0015194000   -0.0097778900
   0.0032014300   -0.0025062300   -0.0097778900
  -0.0032014300   -0.0025062300   -0.0097778900
  -0.0012788100   -0.0007383200   -0.0047251400
   0.0000000000   -0.0001483400   -0.0040470800
   0.0012788100   -0.0007383200   -0.0047251400
   0.0004313500   -0.0007725400   -0.0044028600
   0.0000000000   -0.0013992400   -0.0046547800
  -0.0004313500   -0.0007725400   -0.0044028600
  -0.0001284700    0.0000741700   -0.0040470800
   0.0001284700    0.0000741700   -0.0040470800
  -0.0004533600    0.0007598300   -0.0044028600
  -0.0001528700   -0.0000882600   -0.0040308600
   0.0001528700   -0.0000882600   -0.0040308600
   0.0004533600    0.0007598300   -0.0044028600
   0.0000000000    0.0014766400   -0.0047251400
  -0.0005697500    0.0040256400   -0.0097778900
  -0.0012117700    0.0006996200   -0.0046547800
   0.0000000000    0.0001765200   -0.0040308600
   0.0012117700    0.0006996200   -0.0046547800
   0.0005697500    0.0040256400   -0.0097778900
   0.0000000000    0.0000000000   -0.0135514800
   0.0046639400    0.0022923300   -0.0098138900
   0.0010162200    0.0000155900   -0.0043840100
  -0.0010162200    0.0000155900   -0.0043840100
  -0.0046639400    0.0022923300   -0.0098138900
  -0.0043171800    0.0028929300   -0.0098138900
   0.0043171800    0.0028929300   -0.0098138900
   0.0014806600    0.0008548600   -0.0046314700
   0.0000000000    0.0001783600   -0.0040143700
  -0.0014806600    0.0008548600   -0.0046314700
  -0.0005216100    0.0008722800   -0.0043840100
   0.0000000000    0.0015699600   -0.0047080000
   0.0005216100    0.0008722800   -0.0043840100
   0.0001544700   -0.0000891800   -0.0040143700
  -0.0001544700   -0.0000891800   -0.0040143700
   0.0004946100   -0.0008878600   -0.0043840100
   0.0001626300    0.0000939000   -0.0040306800
  -0.0001626300    0.0000939000   -0.0040306800
  -0.0004946100   -0.0008878600   -0.0043840100
   0.0000000000   -0.0017097200   -0.0046314700
   0.0003467600   -0.0051852600   -0.0098138900
   0.0013596300   -0.0007849800   -0.0047080000
   0.0000000000   -0.0001877900   -0.0040306800
  -0.0013596300   -0.0007849800   -0.0047080000
  -0.0003467600   -0.0051852600   -0.0098138900
   0.0344662400   -0.0198990900   -0.0364077900
   0.0051452400    0.0003661700   -0.0014060100
   0.0000000000    0.0000279300   -0.0027322600
  -0.0051452400    0.0003661700   -0.0014060100
  -0.0344662400   -0.0198990900   -0.0364077900
   0.0000000000    0.0397981800   -0.0364077900
   0.0059585100    0.0034401500   -0.0013148700
   0.0010688200    0.0004692400   -0.0026429100
  -0.0010688200    0.0004692400   -0.0026429100
  -0.0059585100    0.0034401500   -0.0013148700
  -0.0028897300    0.0042728200   -0.0014060100
   0.0028897300    0.0042728200   -0.0014060100
   0.0009407800    0.0006910100   -0.0026429100
   0.0000000000    0.0000000000   -0.0028698300
  -0.0009407800    0.0006910100   -0.0026429100
  -0.0000241900   -0.0000139700   -0.0027322600
   0.0000000000    0.0007044300   -0.0027457800
   0.0000241900   -0.0000139700   -0.0027322600
  -0.0001280400   -0.0011602500   -0.0026429100
   0.0001280400   -0.0011602500   -0.0026429100
   0.0022555100   -0.0046389900   -0.0014060100
   0.0006100600   -0.0003522200   -0.0027457800
  -0.0006100600   -0.0003522200   -0.0027457800
  -0.0022555100   -0.0046389900   -0.0014060100
   0.0000000000   -0.0068803000   -0.0013148700
  -0.0233211400    0.0134644700   -0.0354092800
  -0.0048502400   -0.0000505000   -0.0014728600
   0.0000000000    0.0000241900   -0.0027482400
   0.0048502400   -0.0000505000   -0.0014728600
   0.0233211400    0.0134644700   -0.0354092800
   0.0000000000   -0.0269289400   -0.0354092800
  -0.0058161700   -0.0033579700   -0.0013953200
  -0.0010842000   -0.0004408200   -0.0026615300
   0.0010842000   -0.0004408200   -0.0026615300
   0.0058161700   -0.0033579700   -0.0013953200
   0.0024688600   -0.0041751800   -0.0014728600
  -0.0024688600   -0.0041751800   -0.0014728600
  -0.0009238600   -0.0007185300   -0.0026615300
   0.0000000000    0.0000000000   -0.0028777500
   0.0009238600   -0.0007185300   -0.0026615300
  -0.0000209500   -0.0000121000   -0.0027482400
   0.0000000000   -0.0007014500   -0.0027593400
   0.0000209500   -0.0000121000   -0.0027482400
   0.0001603300    0.0011593600   -0.0026615300
  -0.0001603300    0.0011593600   -0.0026615300
  -0.0023813800    0.0042256800   -0.0014728600
  -0.0006074700    0.0003507200   -0.0027593400
   0.0006074700    0.0003507200   -0.0027593400
   0.0023813800    0.0042256800   -0.0014728600
   0.0000000000    0.0067159300   -0.0013953200
   0.0001132700   -0.0000654000   -0.0091837100
   0.0001456500   -0.0000891100   -0.0063247100
   0.0000000000   -0.0000141300   -0.0047096500
  -0.0001456500   -0.0000891100   -0.0063247100
  -0.0001132700   -0.0000654000   -0.0091837100
   0.0000000000    0.0001307900   -0.0091837100
   0.0001445400    0.0000834500   -0.0079522100
   0.0000477800    0.0000179400   -0.0048519000
  -0.0000477800    0.0000179400   -0.0048519000
  -0.0001445400    0.0000834500   -0.0079522100
   0.0000043400    0.0001706900   -0.0063247100
  -0.0000043400    0.0001706900   -0.0063247100
   0.0000394300    0.0000324100   -0.0048519000
   0.0000000000    0.0000000000   -0.0044061100
  -0.0000394300    0.0000324100   -0.0048519000
   0.0000122400    0.0000070600   -0.0047096500
   0.0000000000    0.0000468700   -0.0046714000
  -0.0000122400    0.0000070600   -0.0047096500
  -0.0000083500   -0.0000503500   -0.0048519000
   0.0000083500   -0.0000503500   -0.0048519000
   0.0001500000   -0.0000815900   -0.0063247100
   0.0000405900   -0.0000234400   -0.0046714000
  -0.0000405900   -0.0000234400   -0.0046714000
  -0.0001500000   -0.0000815900   -0.0063247100
   0.0000000000   -0.0001669000   -0.0079522100
