# File: 1
# 1       0.0300000000000000   0.0000000000000000   0.0000000000000000
  -0.6484336900    0.0222671200   -0.0143461700
   0.0736627500    0.0104173100   -0.0064302500
   0.0070059800    0.0016156200   -0.0009802400
   0.0069797000   -0.0016659300    0.0009924100
   0.0711488900   -0.0111081500    0.0068448900
  -0.0040700300   -0.0332377100   -0.0047531700
  -0.0046971300    0.0338466300    0.0047107400
   0.0077314700    0.0047183800   -0.0025843700
   0.0039550300    0.0000201000   -0.0000118600
   0.0075250200   -0.0045851200    0.0024618500
  -0.0013159000   -0.0031564100   -0.0003658000
  -0.0004359000   -0.0000351400    0.0000006800
  -0.0013756100    0.0031954300    0.0003550600
   0.0015501900    0.0014089200   -0.0001708700
   0.0015347300   -0.0013798000    0.0001514500
  -0.0013325800   -0.0064201300   -0.0013417200
   0.0015361100   -0.0013986600   -0.0002748000
   0.0015453400    0.0013843700    0.0002773700
  -0.0013599200    0.0064844000    0.0013546100
  -0.0004313300    0.0000038500   -0.0000021000
  -0.0043974700   -0.0550404700   -0.0112839700
   0.0075665000   -0.0046728300   -0.0017788800
   0.0039512000   -0.0000077200    0.0000010300
   0.0076788100    0.0046342400    0.0018152100
  -0.0043530000    0.0551163400    0.0114582900
  -0.0011500300   -0.0000024400   -0.0000762700
  -0.0014511800   -0.0000062600    0.0065539900
   0.0021906000    0.0001191600    0.0012309100
   0.0021982300   -0.0001294200   -0.0012473800
  -0.0014088200    0.0000152800   -0.0065511400
  -0.0013555000   -0.0006564200   -0.0006140500
  -0.0013669300    0.0006374700    0.0005623400
   0.0006551000    0.0010758500    0.0017509800
   0.0016231500    0.0000019200   -0.0000059000
   0.0006871900   -0.0010817500   -0.0017389500
  -0.0001467500   -0.0010045300   -0.0000597700
  -0.0005165200   -0.0000009800   -0.0000160700
  -0.0001598800    0.0009962500    0.0000308300
   0.0004085200    0.0007058300    0.0001467200
   0.0004138600   -0.0006932700   -0.0001678700
   0.0000426000   -0.0015909700    0.0011746200
   0.0005589000   -0.0006470900    0.0003333400
   0.0005473000    0.0006467300   -0.0003633600
   0.0000501100    0.0016003200   -0.0012103200
  -0.0011969200    0.0000089400   -0.0000142700
  -0.0019602000    0.0004023200    0.0059533300
   0.0011269400   -0.0009534000    0.0019771100
   0.0016737300   -0.0000062800   -0.0000117100
   0.0011306200    0.0009456200   -0.0020098400
  -0.0019338200   -0.0003745600   -0.0059787900
  -0.0011521000    0.0000128700    0.0001252000
  -0.0014670100   -0.0007011100   -0.0030787300
   0.0022047900    0.0003599200   -0.0006038400
   0.0021836200   -0.0003521600    0.0006004100
  -0.0013903200    0.0006751800    0.0030241400
  -0.0019059600   -0.0003208900    0.0008092700
  -0.0019905300    0.0003000200   -0.0007943600
   0.0011281300    0.0009549200   -0.0008238600
   0.0016734900    0.0000055800    0.0000017900
   0.0011320400   -0.0009418500    0.0008209300
   0.0000490900   -0.0011162700    0.0001320800
  -0.0011950700   -0.0000020400    0.0000040600
   0.0000393000    0.0011223500   -0.0001198600
   0.0005521000    0.0006516400   -0.0000837400
   0.0005565100   -0.0006431200    0.0000914700
  -0.0001549200   -0.0014767700   -0.0004670800
   0.0004152000   -0.0007070100   -0.0001528300
   0.0004133700    0.0006937800    0.0001715300
  -0.0001598400    0.0014821700    0.0004850400
  -0.0005146600    0.0000070000    0.0000073000
  -0.0013617200    0.0000683000   -0.0022381700
   0.0006589000   -0.0010960300   -0.0008752100
   0.0016274400   -0.0000047800    0.0000044700
   0.0006790600    0.0010568800    0.0008848200
  -0.0013606800   -0.0000301400    0.0022591700
  -0.0039696700   -0.0030786000    0.0585359700
   0.0076227800   -0.0013896400    0.0048888400
   0.0041697900   -0.0000090200    0.0000105500
   0.0076899300    0.0013313600   -0.0048862000
  -0.0037817800    0.0029016900   -0.0584968600
  -0.0090510900   -0.0002068700   -0.0002986900
   0.0003963600    0.0080861400    0.0092926000
   0.0031455600    0.0010146600    0.0010262300
   0.0031247800   -0.0010279900   -0.0009688600
   0.0004851100   -0.0080706800   -0.0089499000
  -0.0006143200   -0.0012496500    0.0001953900
  -0.0006615500    0.0011963400   -0.0002025000
   0.0001841400    0.0027841500    0.0009681800
   0.0007346000    0.0000110300    0.0000169600
   0.0001919600   -0.0027384700   -0.0009174400
   0.0009823800   -0.0018329200    0.0006575300
   0.0012537000   -0.0000047700    0.0000086100
   0.0009849500    0.0018431100   -0.0006486900
  -0.0016153200    0.0016924800   -0.0000435800
  -0.0016107500   -0.0016704200    0.0000693100
   0.0036158300   -0.0058590400    0.0050434700
   0.0031830900   -0.0011218200    0.0007196700
   0.0031976200    0.0011146700   -0.0006967500
   0.0036438500    0.0059283000   -0.0051271400
  -0.0135544200    0.0000272800    0.0000076100
  -0.0010101100   -0.0001492700    0.0007842900
   0.0002624600    0.0002642400    0.0006532600
   0.0015062100   -0.0000040900   -0.0000094900
   0.0002787900   -0.0002590200   -0.0006816800
  -0.0009945100    0.0001506500   -0.0008073000
  -0.0012626500   -0.0000033100   -0.0000068900
  -0.0001866500    0.0003392000    0.0004778600
   0.0008159400    0.0003692900    0.0002142100
   0.0008213200   -0.0003691900   -0.0002291800
  -0.0001645100   -0.0003404600   -0.0005071700
  -0.0002562300   -0.0005723300    0.0000307700
  -0.0002644500    0.0005635500   -0.0000487100
   0.0001426700    0.0007603200    0.0001100600
   0.0002191900    0.0000051400   -0.0000071700
   0.0001504100   -0.0007514600   -0.0001268500
   0.0002205800   -0.0007438600    0.0001589000
   0.0005408400   -0.0000077500   -0.0000123300
   0.0002239900    0.0007392200   -0.0001708000
  -0.0004921300    0.0003919700   -0.0001123300
  -0.0004920700   -0.0003857000    0.0000937000
  -0.0007228300   -0.0003056200    0.0006967400
   0.0011011700   -0.0003246000    0.0002107800
   0.0010975100    0.0003204300   -0.0002364700
  -0.0007031400    0.0003075000   -0.0007183600
  -0.0007647200    0.0000053300   -0.0000121200
  -0.0042115300   -0.0031241400   -0.0421976200
   0.0077584800   -0.0036577600   -0.0034764700
   0.0041691500   -0.0000175000   -0.0000245700
   0.0075671800    0.0034820400    0.0034175300
  -0.0035526600    0.0028601000    0.0415262200
  -0.0090518300   -0.0002806500    0.0002691500
   0.0004063100    0.0082033000   -0.0060196900
   0.0031495700    0.0010614700   -0.0009284000
   0.0031182600   -0.0010559200    0.0008773000
   0.0004788000   -0.0079683600    0.0058294600
  -0.0006388100   -0.0034216500    0.0003613700
  -0.0006365700    0.0034339500   -0.0003717100
   0.0001745100    0.0027498400   -0.0007930800
   0.0007369500    0.0000110200   -0.0000166300
   0.0001987500   -0.0026944500    0.0007473300
   0.0009800500   -0.0018387800   -0.0004893900
   0.0012484800   -0.0000084200   -0.0000150200
   0.0009922800    0.0018338900    0.0004667300
  -0.0016188500    0.0017294300    0.0001180400
  -0.0016068500   -0.0017101900   -0.0001440700
   0.0036272800   -0.0037016000   -0.0030834800
   0.0031876200   -0.0011256900   -0.0007846900
   0.0031905600    0.0011151400    0.0007567100
   0.0036346100    0.0036762900    0.0030740000
  -0.0135541600    0.0000448400   -0.0000028200
   0.0204885500   -0.0000382300    0.0001856200
  -0.0057407300   -0.0042854500   -0.0150767000
  -0.0041314500   -0.0003644400   -0.0014976700
  -0.0041336400    0.0003858000    0.0014857000
  -0.0057740900    0.0043893900    0.0150231700
   0.0039172200    0.0020808200   -0.0004322500
   0.0040755900   -0.0020442700    0.0005052400
  -0.0021375200   -0.0027975000   -0.0028232100
  -0.0023262100   -0.0000028000   -0.0000092900
  -0.0021323100    0.0027770300    0.0027246400
   0.0001566500    0.0017012700    0.0000655400
   0.0004649100    0.0000109800    0.0000048500
   0.0001825400   -0.0017043600   -0.0000628600
  -0.0003892600   -0.0011297200   -0.0001980000
  -0.0003905600    0.0011073500    0.0001879700
  -0.0001833700    0.0030531300   -0.0014187700
  -0.0011521800    0.0009629000   -0.0003639000
  -0.0011539100   -0.0009592700    0.0003669400
  -0.0001817700   -0.0030688500    0.0014355900
   0.0026931100   -0.0000151200    0.0000027600
   0.0046376800    0.0095664800   -0.0155156400
  -0.0029815000    0.0020030700   -0.0024719900
  -0.0028170200    0.0000066500   -0.0000004700
  -0.0030041300   -0.0019900300    0.0024831000
   0.0046859600   -0.0096011500    0.0155150400
   0.0016059300   -0.0000033400   -0.0000016900
   0.0005656800    0.0001562200   -0.0000181200
  -0.0012971400   -0.0002224800    0.0001018800
  -0.0013010700    0.0002226800   -0.0000830800
   0.0005344700   -0.0001462600    0.0000287400
   0.0010460200    0.0003801700   -0.0001741700
   0.0010755200   -0.0003713100    0.0001781200
  -0.0005536800   -0.0005597700    0.0001462000
  -0.0010622200   -0.0000039400    0.0000049000
  -0.0005657600    0.0005596000   -0.0001297100
   0.0000274400    0.0007454500   -0.0001144900
   0.0004531500    0.0000036300    0.0000042100
   0.0000365600   -0.0007453000    0.0001236100
  -0.0002597300   -0.0004662500    0.0000289500
  -0.0002623500    0.0004590100   -0.0000206200
   0.0002052700    0.0008901200   -0.0000224400
  -0.0004111400    0.0004477400   -0.0000077100
  -0.0004110500   -0.0004431200    0.0000179000
   0.0002042300   -0.0008933800    0.0000306400
   0.0004100500   -0.0000058900    0.0000057000
   0.0010022900    0.0001698300   -0.0001964100
  -0.0004482300    0.0005296600    0.0000685600
  -0.0011816400    0.0000051700    0.0000065400
  -0.0004593600   -0.0005186800   -0.0000501300
   0.0009971100   -0.0001872300    0.0002020400
   0.0750619200   -0.0001297400    0.0017213700
  -0.0102768500   -0.0034187900    0.0168005300
  -0.0052560300   -0.0003148700    0.0012962400
  -0.0052039600    0.0003426900   -0.0012842900
  -0.0100169600    0.0035120400   -0.0164555000
   0.0039856600    0.0054581300   -0.0032663500
   0.0042123600   -0.0054578100    0.0032618100
  -0.0029575000   -0.0034181500    0.0022053000
  -0.0026828400   -0.0000094500    0.0000148600
  -0.0029279200    0.0033439800   -0.0021282200
  -0.0000174800    0.0023844500    0.0000512400
   0.0010728200    0.0000006600   -0.0000001100
   0.0000085100   -0.0023962300   -0.0000413400
  -0.0005306200   -0.0012576200    0.0002041600
  -0.0005291600    0.0012284700   -0.0001810000
  -0.0002613800    0.0034832200    0.0013327400
  -0.0012123400    0.0010949900    0.0003798100
  -0.0012122000   -0.0010846900   -0.0003695500
  -0.0002632200   -0.0035043000   -0.0013387800
   0.0029126100   -0.0000041000    0.0000085000
   0.0047877700    0.0113473100    0.0134074900
  -0.0035378800    0.0026951200    0.0023612800
  -0.0030996100    0.0000128200    0.0000054700
  -0.0035342200   -0.0026282200   -0.0023673200
   0.0046261500   -0.0113287400   -0.0133121500
   0.2101134200   -0.0813980900    0.0556279700
  -0.0141196300    0.0006333700   -0.0004567300
  -0.0064844400    0.0000151700   -0.0000086500
  -0.0142668800   -0.0004873200    0.0003674500
   0.1808703400    0.0619756500   -0.0428625500
   0.0716810400   -0.0018513800   -0.0003778300
  -0.0100860900   -0.0167006700   -0.0020412200
  -0.0049897800   -0.0014603700   -0.0000021200
  -0.0049311800    0.0014678400   -0.0000013400
  -0.0098140600    0.0163765700    0.0019382300
   0.0035671600   -0.0000645000    0.0008950500
   0.0037215100    0.0001524400   -0.0009065400
  -0.0016262700   -0.0041808200   -0.0000149700
  -0.0013384000   -0.0000141200   -0.0000006100
  -0.0016050100    0.0040875000    0.0000145500
  -0.0009257300    0.0031933300    0.0001358900
  -0.0011541600    0.0000041300   -0.0000021600
  -0.0009279600   -0.0032227500   -0.0001388300
   0.0015648700   -0.0015798300   -0.0000154600
   0.0015555100    0.0015427400    0.0000138200
  -0.0058027800    0.0150898000    0.0004613900
  -0.0039006600    0.0015986800   -0.0000491100
  -0.0039144300   -0.0015802200    0.0000434700
  -0.0058982200   -0.0153457600   -0.0005166500
   0.0186919300    0.0000543100    0.0000320300
   0.0025038300   -0.0006625800   -0.0017659300
  -0.0014355400    0.0004477700   -0.0025934200
  -0.0019805600    0.0000040200    0.0000078100
  -0.0014485000   -0.0004438600    0.0026040700
   0.0024579900    0.0006478000    0.0018216700
   0.0013447100    0.0000189400    0.0000338600
   0.0006689000   -0.0016968400   -0.0021624800
  -0.0012930000   -0.0004183900   -0.0007158400
  -0.0012986200    0.0004232500    0.0007193000
   0.0006387100    0.0017013300    0.0021876600
   0.0003440400    0.0006586600    0.0001549400
   0.0003511800   -0.0006447900   -0.0001284800
  -0.0001413600   -0.0011032000   -0.0004525000
  -0.0004455900   -0.0000045600    0.0000051800
  -0.0001529300    0.0010933300    0.0004563900
  -0.0003300500    0.0009524000   -0.0003331000
  -0.0005286400    0.0000028200    0.0000095100
  -0.0003297200   -0.0009543100    0.0003546800
   0.0005944500   -0.0006631700    0.0002722000
   0.0005944000    0.0006505300   -0.0002547000
  -0.0003621300    0.0009979500   -0.0024483300
  -0.0014172000    0.0005160400   -0.0005542000
  -0.0014214100   -0.0005112800    0.0005749300
  -0.0003738200   -0.0010028500    0.0024658200
   0.0035955100   -0.0000095200    0.0000197100
   0.0048459100   -0.0022198200   -0.0001289400
  -0.0020612600    0.0010318200    0.0033371400
  -0.0023174700    0.0000049500    0.0000082500
  -0.0020420500   -0.0009914900   -0.0032510700
   0.0046581300    0.0021739300    0.0000286800
   0.0009452800    0.0000825900   -0.0000775700
   0.0006382300   -0.0020061600    0.0031098400
  -0.0015723100   -0.0005041700    0.0007856200
  -0.0015701900    0.0004990100   -0.0007587000
   0.0005866100    0.0019723100   -0.0030526400
   0.0005498100    0.0013294500   -0.0008307300
   0.0005655200   -0.0013209700    0.0008421200
  -0.0002820800   -0.0012789000    0.0005271200
  -0.0005591000   -0.0000062300    0.0000066600
  -0.0002899000    0.0012607500   -0.0005102000
  -0.0003819200    0.0011162200    0.0002908900
  -0.0004455500    0.0000035600    0.0000009800
  -0.0003829600   -0.0011178200   -0.0002896200
   0.0006058300   -0.0007352000   -0.0002514800
   0.0006038200    0.0007230300    0.0002557200
  -0.0004663400    0.0010890100    0.0024597800
  -0.0015694000    0.0006578200    0.0005835600
  -0.0015703700   -0.0006418500   -0.0005758600
  -0.0004825200   -0.0010922200   -0.0024545000
   0.0040571700   -0.0000110700    0.0000039000
# File: 2
# 1       0.0000000000000000   0.0000000000000000   0.0300000000000000
   0.0000000000    0.0000000000   -0.5557350900
   0.0062250200    0.0092421200   -0.0203076300
   0.0009641700    0.0009716600   -0.0035008000
  -0.0009641700    0.0009716600   -0.0035008000
  -0.0062250200    0.0092421200   -0.0203076300
  -0.0111164200    0.0007699600   -0.0203076300
   0.0111164200    0.0007699600   -0.0203076300
   0.0017639500    0.0010184200   -0.0038416200
   0.0000000000    0.0003120200   -0.0017705100
  -0.0017639500    0.0010184200   -0.0038416200
  -0.0013235700    0.0003491700   -0.0035008000
  -0.0000000000    0.0028535100   -0.0038463000
   0.0013235700    0.0003491700   -0.0035008000
   0.0002702100   -0.0001560100   -0.0017705100
  -0.0002702100   -0.0001560100   -0.0017705100
  -0.0003594000   -0.0013208300   -0.0035008000
   0.0001598500    0.0000922900   -0.0017694300
  -0.0001598500    0.0000922900   -0.0017694300
   0.0003594000   -0.0013208300   -0.0035008000
   0.0000000000   -0.0020368300   -0.0038416200
  -0.0048914100   -0.0100120900   -0.0203076300
   0.0024712100   -0.0014267500   -0.0038463000
   0.0000000000   -0.0001845800   -0.0017694300
  -0.0024712100   -0.0014267500   -0.0038463000
   0.0048914100   -0.0100120900   -0.0203076300
   0.0000000000    0.0000000000    0.0227084100
   0.0031359800    0.0008632600    0.0042051600
   0.0006114600    0.0002069500    0.0011867200
  -0.0006114600    0.0002069500    0.0011867200
  -0.0031359800    0.0008632600    0.0042051600
  -0.0023155900    0.0022842100    0.0042051600
   0.0023155900    0.0022842100    0.0042051600
   0.0008942100    0.0005162700    0.0013217700
   0.0000000000    0.0001866500    0.0007144100
  -0.0008942100    0.0005162700    0.0013217700
  -0.0004849500    0.0004260600    0.0011867200
   0.0000000000    0.0009708100    0.0013624400
   0.0004849500    0.0004260600    0.0011867200
   0.0001616400   -0.0000933300    0.0007144100
  -0.0001616400   -0.0000933300    0.0007144100
   0.0001265000   -0.0006330100    0.0011867200
   0.0000947400    0.0000547000    0.0007272800
  -0.0000947400    0.0000547000    0.0007272800
  -0.0001265000   -0.0006330100    0.0011867200
   0.0000000000   -0.0010325400    0.0013217700
   0.0008203800   -0.0031474600    0.0042051600
   0.0008407500   -0.0004854100    0.0013624400
   0.0000000000   -0.0001093900    0.0007272800
  -0.0008407500   -0.0004854100    0.0013624400
  -0.0008203800   -0.0031474600    0.0042051600
   0.0000000000    0.0000000000    0.0224114300
  -0.0065691000   -0.0031284300    0.0042332200
  -0.0012359800   -0.0006619700    0.0012252400
   0.0012359800   -0.0006619700    0.0012252400
   0.0065691000   -0.0031284300    0.0042332200
   0.0059938500   -0.0041247900    0.0042332200
  -0.0059938500   -0.0041247900    0.0042332200
  -0.0019849100   -0.0011459900    0.0014050500
   0.0000000000   -0.0004008400    0.0007599300
   0.0019849100   -0.0011459900    0.0014050500
   0.0011912700   -0.0007394100    0.0012252400
   0.0000000000   -0.0020130600    0.0013629300
  -0.0011912700   -0.0007394100    0.0012252400
  -0.0003471400    0.0002004200    0.0007599300
   0.0003471400    0.0002004200    0.0007599300
  -0.0000447100    0.0014013800    0.0012252400
  -0.0001555400   -0.0000898000    0.0007532200
   0.0001555400   -0.0000898000    0.0007532200
   0.0000447100    0.0014013800    0.0012252400
   0.0000000000    0.0022919700    0.0014050500
  -0.0005752500    0.0072532300    0.0042332200
  -0.0017433600    0.0010065300    0.0013629300
   0.0000000000    0.0001796000    0.0007532200
   0.0017433600    0.0010065300    0.0013629300
   0.0005752500    0.0072532300    0.0042332200
   0.0429543000   -0.0247996800    0.0319186800
   0.0034503400   -0.0015880300   -0.0000769200
   0.0000000000   -0.0005587700   -0.0004046400
  -0.0034503400   -0.0015880300   -0.0000769200
  -0.0429543000   -0.0247996800    0.0319186800
   0.0000000000    0.0495993500    0.0319186800
   0.0059726300    0.0034483000    0.0009957700
   0.0009045800    0.0003688800   -0.0004594800
  -0.0009045800    0.0003688800   -0.0004594800
  -0.0059726300    0.0034483000    0.0009957700
  -0.0003498900    0.0037820900   -0.0000769200
   0.0003498900    0.0037820900   -0.0000769200
   0.0007717500    0.0005989400   -0.0004594800
   0.0000000000    0.0000000000   -0.0004308600
  -0.0007717500    0.0005989400   -0.0004594800
   0.0004839100    0.0002793900   -0.0004046400
   0.0000000000    0.0008951300   -0.0004770600
  -0.0004839100    0.0002793900   -0.0004046400
  -0.0001328300   -0.0009678300   -0.0004594800
   0.0001328300   -0.0009678300   -0.0004594800
   0.0031004400   -0.0021940600   -0.0000769200
   0.0007752100   -0.0004475700   -0.0004770600
  -0.0007752100   -0.0004475700   -0.0004770600
  -0.0031004400   -0.0021940600   -0.0000769200
  -0.0000000000   -0.0068966000    0.0009957700
  -0.0007946600    0.0004588000    0.0078602900
  -0.0006535800    0.0004301800    0.0026273800
   0.0000000000    0.0001907500    0.0014061200
   0.0006535800    0.0004301800    0.0026273800
   0.0007946600    0.0004588000    0.0078602900
   0.0000000000   -0.0009175900    0.0078602900
  -0.0004833900   -0.0002790900    0.0032895000
  -0.0002144700   -0.0000132300    0.0014307700
   0.0002144700   -0.0000132300    0.0014307700
   0.0004833900   -0.0002790900    0.0032895000
  -0.0000457500   -0.0007811100    0.0026273800
   0.0000457500   -0.0007811100    0.0026273800
  -0.0001186900   -0.0001791200    0.0014307700
   0.0000000000    0.0000000000    0.0010502200
   0.0001186900   -0.0001791200    0.0014307700
  -0.0001652000   -0.0000953800    0.0014061200
   0.0000000000   -0.0002551100    0.0013193600
   0.0001652000   -0.0000953800    0.0014061200
   0.0000957700    0.0001923500    0.0014307700
  -0.0000957700    0.0001923500    0.0014307700
  -0.0006993400    0.0003509300    0.0026273800
  -0.0002209300    0.0001275600    0.0013193600
   0.0002209300    0.0001275600    0.0013193600
   0.0006993400    0.0003509300    0.0026273800
   0.0000000000    0.0005581700    0.0032895000
  -0.0582056800    0.0336050700    0.0311325100
  -0.0048619100    0.0030244300   -0.0000237200
   0.0000000000    0.0007531100   -0.0004033400
   0.0048619100    0.0030244300   -0.0000237200
   0.0582056800    0.0336050700    0.0311325100
   0.0000000000   -0.0672101300    0.0311325100
  -0.0090862700   -0.0052459600    0.0010674600
  -0.0009968400   -0.0005092700   -0.0004571100
   0.0009968400   -0.0005092700   -0.0004571100
   0.0090862700   -0.0052459600    0.0010674600
  -0.0001882800   -0.0057227500   -0.0000237200
   0.0001882800   -0.0057227500   -0.0000237200
  -0.0009394600   -0.0006086600   -0.0004571100
   0.0000000000    0.0000000000   -0.0004383700
   0.0009394600   -0.0006086600   -0.0004571100
  -0.0006522200   -0.0003765600   -0.0004033400
   0.0000000000   -0.0008249700   -0.0004765100
   0.0006522200   -0.0003765600   -0.0004033400
   0.0000573800    0.0011179300   -0.0004571100
  -0.0000573800    0.0011179300   -0.0004571100
  -0.0050501900    0.0026983200   -0.0000237200
  -0.0007144500    0.0004124900   -0.0004765100
   0.0007144500    0.0004124900   -0.0004765100
   0.0050501900    0.0026983200   -0.0000237200
   0.0000000000    0.0104919200    0.0010674600
   0.0000000000    0.0000000000   -0.0420578500
  -0.0074460700    0.0004810300   -0.0017205500
  -0.0014103700   -0.0000569000   -0.0002786400
   0.0014103700   -0.0000569000   -0.0002786400
   0.0074460700    0.0004810300   -0.0017205500
   0.0033064500   -0.0066890000   -0.0017205500
  -0.0033064500   -0.0066890000   -0.0017205500
  -0.0016051800   -0.0009267500   -0.0002786700
   0.0000000000   -0.0002573900   -0.0000236700
   0.0016051800   -0.0009267500   -0.0002786700
   0.0007544600   -0.0011929600   -0.0002786400
   0.0000000000   -0.0019208100   -0.0002426800
  -0.0007544600   -0.0011929600   -0.0002786400
  -0.0002229100    0.0001287000   -0.0000236700
   0.0002229100    0.0001287000   -0.0000236700
  -0.0006559100    0.0012498700   -0.0002786400
  -0.0002196300   -0.0001268100   -0.0000132600
   0.0002196300   -0.0001268100   -0.0000132600
   0.0006559100    0.0012498700   -0.0002786400
   0.0000000000    0.0018535000   -0.0002786700
  -0.0041396200    0.0062079700   -0.0017205500
  -0.0016634700    0.0009604000   -0.0002426800
   0.0000000000    0.0002536100   -0.0000132600
   0.0016634700    0.0009604000   -0.0002426800
   0.0041396200    0.0062079700   -0.0017205500
   0.0000000000    0.0000000000   -0.0079000000
   0.0014111300    0.0005752900   -0.0051911100
   0.0003923100    0.0000567500   -0.0016066000
  -0.0003923100    0.0000567500   -0.0016066000
  -0.0014111300    0.0005752900   -0.0051911100
  -0.0012037800    0.0009344300   -0.0051911100
   0.0012037800    0.0009344300   -0.0051911100
   0.0005785900    0.0003340500   -0.0018858700
   0.0000000000    0.0000893800   -0.0010928300
  -0.0005785900    0.0003340500   -0.0018858700
  -0.0002453100    0.0003113700   -0.0016066000
   0.0000000000    0.0005774400   -0.0020254800
   0.0002453100    0.0003113700   -0.0016066000
   0.0000774000   -0.0000446900   -0.0010928300
  -0.0000774000   -0.0000446900   -0.0010928300
   0.0001470100   -0.0003681300   -0.0016066000
   0.0000724000    0.0000418000   -0.0011212600
  -0.0000724000    0.0000418000   -0.0011212600
  -0.0001470100   -0.0003681300   -0.0016066000
   0.0000000000   -0.0006680900   -0.0018858700
   0.0002073500   -0.0015097200   -0.0051911100
   0.0005000800   -0.0002887200   -0.0020254800
   0.0000000000   -0.0000836000   -0.0011212600
  -0.0005000800   -0.0002887200   -0.0020254800
  -0.0002073500   -0.0015097200   -0.0051911100
   0.0000000000    0.0000000000    0.2048233100
   0.0173299600   -0.0036160300    0.0074271200
   0.0022337100   -0.0002878900    0.0016993200
  -0.0022337100   -0.0002878900    0.0016993200
  -0.0173299600   -0.0036160300    0.0074271200
  -0.0055334100    0.0168162000    0.0074271200
   0.0055334100    0.0168162000    0.0074271200
   0.0019549300    0.0011286800    0.0021513900
   0.0000000000    0.0002253000    0.0010991900
  -0.0019549300    0.0011286800    0.0021513900
  -0.0008675300    0.0020784000    0.0016993200
   0.0000000000    0.0025876400    0.0022314700
   0.0008675300    0.0020784000    0.0016993200
   0.0001951200   -0.0001126500    0.0010991900
  -0.0001951200   -0.0001126500    0.0010991900
   0.0013661800   -0.0017905000    0.0016993200
   0.0002529000    0.0001460100    0.0011179200
  -0.0002529000    0.0001460100    0.0011179200
  -0.0013661800   -0.0017905000    0.0016993200
   0.0000000000   -0.0022573600    0.0021513900
   0.0117965500   -0.0132001700    0.0074271200
   0.0022409600   -0.0012938200    0.0022314700
   0.0000000000   -0.0002920200    0.0011179200
  -0.0022409600   -0.0012938200    0.0022314700
  -0.0117965500   -0.0132001700    0.0074271200
   0.0500840400   -0.0289160400    0.0879098800
  -0.0064877600   -0.0007668800    0.0036204800
   0.0000000000   -0.0001073600    0.0017028400
   0.0064877600   -0.0007668800    0.0036204800
  -0.0500840400   -0.0289160400    0.0879098800
   0.0000000000    0.0578320700    0.0879098800
  -0.0069656700   -0.0040216300    0.0065705300
  -0.0010203700   -0.0004820100    0.0017064900
   0.0010203700   -0.0004820100    0.0017064900
   0.0069656700   -0.0040216300    0.0065705300
   0.0039080200   -0.0052351300    0.0036204800
  -0.0039080200   -0.0052351300    0.0036204800
  -0.0009276200   -0.0006426600    0.0017064900
   0.0000000000    0.0000000000    0.0011068500
   0.0009276200   -0.0006426600    0.0017064900
   0.0000929800    0.0000536800    0.0017028400
   0.0000000000   -0.0006385700    0.0014628800
  -0.0000929800    0.0000536800    0.0017028400
   0.0000927600    0.0011246700    0.0017064900
  -0.0000927600    0.0011246700    0.0017064900
  -0.0025797400    0.0060020100    0.0036204800
  -0.0005530100    0.0003192800    0.0014628800
   0.0005530100    0.0003192800    0.0014628800
   0.0025797400    0.0060020100    0.0036204800
   0.0000000000    0.0080432600    0.0065705300
  -0.0034890400    0.0020144000   -0.0091426200
  -0.0011704600    0.0001495300   -0.0024387300
   0.0000000000    0.0000358300   -0.0011882900
   0.0011704600    0.0001495300   -0.0024387300
   0.0034890400    0.0020144000   -0.0091426200
   0.0000000000   -0.0040288000   -0.0091426200
  -0.0012726200   -0.0007347500   -0.0031908400
  -0.0003363600   -0.0001740300   -0.0012463300
   0.0003363600   -0.0001740300   -0.0012463300
   0.0012726200   -0.0007347500   -0.0031908400
   0.0004557400   -0.0010884100   -0.0024387300
  -0.0004557400   -0.0010884100   -0.0024387300
  -0.0003188900   -0.0002042800   -0.0012463300
   0.0000000000    0.0000000000   -0.0008675700
   0.0003188900   -0.0002042800   -0.0012463300
  -0.0000310300   -0.0000179200   -0.0011882900
   0.0000000000   -0.0002645700   -0.0011244100
   0.0000310300   -0.0000179200   -0.0011882900
   0.0000174600    0.0003783100   -0.0012463300
  -0.0000174600    0.0003783100   -0.0012463300
  -0.0007147300    0.0009388900   -0.0024387300
  -0.0002291200    0.0001322800   -0.0011244100
   0.0002291200    0.0001322800   -0.0011244100
   0.0007147300    0.0009388900   -0.0024387300
   0.0000000000    0.0014695000   -0.0031908400
   0.0115488400   -0.0066677300   -0.0164239000
   0.0032535200   -0.0004648800   -0.0014466500
   0.0000000000   -0.0000918700   -0.0004195600
  -0.0032535200   -0.0004648800   -0.0014466500
  -0.0115488400   -0.0066677300   -0.0164239000
   0.0000000000    0.0133354500   -0.0164239000
   0.0035915700    0.0020735900   -0.0020932700
   0.0008831800    0.0004082100   -0.0004005600
  -0.0008831800    0.0004082100   -0.0004005600
  -0.0035915700    0.0020735900   -0.0020932700
  -0.0012241700    0.0030500700   -0.0014466500
   0.0012241700    0.0030500700   -0.0014466500
   0.0007951100    0.0005607500   -0.0004005600
   0.0000000000    0.0000000000   -0.0002087100
  -0.0007951100    0.0005607500   -0.0004005600
   0.0000795600    0.0000459400   -0.0004195600
   0.0000000000    0.0006628500   -0.0002882300
  -0.0000795600    0.0000459400   -0.0004195600
  -0.0000880700   -0.0009689700   -0.0004005600
   0.0000880700   -0.0009689700   -0.0004005600
   0.0020293600   -0.0025852000   -0.0014466500
   0.0005740400   -0.0003314200   -0.0002882300
  -0.0005740400   -0.0003314200   -0.0002882300
  -0.0020293600   -0.0025852000   -0.0014466500
   0.0000000000   -0.0041471800   -0.0020932700
# File: 3
# 1       0.0000000000000000   0.0000000000000000  -0.0300000000000000
   0.0000000000    0.0000000000    0.6160949400
  -0.0070590800   -0.0093557300    0.0205786800
  -0.0010050400   -0.0010022400    0.0035322700
   0.0010050400   -0.0010022400    0.0035322700
   0.0070590800   -0.0093557300    0.0205786800
   0.0116318400   -0.0014354800    0.0205786800
  -0.0116318400   -0.0014354800    0.0205786800
  -0.0018321900   -0.0010578100    0.0038915400
   0.0000000000   -0.0003259400    0.0017755300
   0.0018321900   -0.0010578100    0.0038915400
   0.0013704900   -0.0003692700    0.0035322700
  -0.0000000000   -0.0029614300    0.0038865200
  -0.0013704900   -0.0003692700    0.0035322700
  -0.0002822800    0.0001629700    0.0017755300
   0.0002822800    0.0001629700    0.0017755300
   0.0003654500    0.0013715100    0.0035322700
  -0.0001623500   -0.0000937300    0.0017758400
   0.0001623500   -0.0000937300    0.0017758400
  -0.0003654500    0.0013715100    0.0035322700
   0.0000000000    0.0021156300    0.0038915400
   0.0045727600    0.0107912000    0.0205786800
  -0.0025646700    0.0014807100    0.0038865200
   0.0000000000    0.0001874700    0.0017758400
   0.0025646700    0.0014807100    0.0038865200
  -0.0045727600    0.0107912000    0.0205786800
   0.0000000000    0.0000000000   -0.0216676900
  -0.0029659200   -0.0008061500   -0.0042237500
  -0.0005942800   -0.0001922100   -0.0012338000
   0.0005942800   -0.0001922100   -0.0012338000
   0.0029659200   -0.0008061500   -0.0042237500
   0.0021811000   -0.0021654900   -0.0042237500
  -0.0021811000   -0.0021654900   -0.0042237500
  -0.0008634500   -0.0004985200   -0.0013698400
   0.0000000000   -0.0001868100   -0.0007583500
   0.0008634500   -0.0004985200   -0.0013698400
   0.0004636000   -0.0004185600   -0.0012338000
   0.0000000000   -0.0009298200   -0.0014081600
  -0.0004636000   -0.0004185600   -0.0012338000
  -0.0001617800    0.0000934000   -0.0007583500
   0.0001617800    0.0000934000   -0.0007583500
  -0.0001306800    0.0006107700   -0.0012338000
  -0.0000835000   -0.0000482100   -0.0007689000
   0.0000835000   -0.0000482100   -0.0007689000
   0.0001306800    0.0006107700   -0.0012338000
   0.0000000000    0.0009970300   -0.0013698400
  -0.0007848200    0.0029716300   -0.0042237500
  -0.0008052500    0.0004649100   -0.0014081600
   0.0000000000    0.0000964200   -0.0007689000
   0.0008052500    0.0004649100   -0.0014081600
   0.0007848200    0.0029716300   -0.0042237500
   0.0000000000    0.0000000000   -0.0219170800
   0.0065361500    0.0030795600   -0.0041927600
   0.0012415300    0.0006626200   -0.0011954400
  -0.0012415300    0.0006626200   -0.0011954400
  -0.0065361500    0.0030795600   -0.0041927600
  -0.0059350500    0.0041207000   -0.0041927600
   0.0059350500    0.0041207000   -0.0041927600
   0.0019972900    0.0011531300   -0.0013662400
   0.0000000000    0.0003975700   -0.0007359200
  -0.0019972900    0.0011531300   -0.0013662400
  -0.0011946100    0.0007438800   -0.0011954400
   0.0000000000    0.0020121700   -0.0013285700
   0.0011946100    0.0007438800   -0.0011954400
   0.0003443100   -0.0001987900   -0.0007359200
  -0.0003443100   -0.0001987900   -0.0007359200
   0.0000469200   -0.0014065000   -0.0011954400
   0.0001580900    0.0000912800   -0.0007202600
  -0.0001580900    0.0000912800   -0.0007202600
  -0.0000469200   -0.0014065000   -0.0011954400
   0.0000000000   -0.0023062700   -0.0013662400
   0.0006011000   -0.0072002600   -0.0041927600
   0.0017425900   -0.0010060900   -0.0013285700
   0.0000000000   -0.0001825500   -0.0007202600
  -0.0017425900   -0.0010060900   -0.0013285700
  -0.0006011000   -0.0072002600   -0.0041927600
  -0.0408284900    0.0235723400   -0.0314880500
  -0.0034420800    0.0015462100   -0.0000530300
   0.0000000000    0.0005508100    0.0003874800
   0.0034420800    0.0015462100   -0.0000530300
   0.0408284900    0.0235723400   -0.0314880500
  -0.0000000000   -0.0471446900   -0.0314880500
  -0.0058745400   -0.0033916700   -0.0011606000
  -0.0009015400   -0.0003687100    0.0004422500
   0.0009015400   -0.0003687100    0.0004422500
   0.0058745400   -0.0033916700   -0.0011606000
   0.0003819800   -0.0037540300   -0.0000530300
  -0.0003819800   -0.0037540300   -0.0000530300
  -0.0007700800   -0.0005964000    0.0004422500
   0.0000000000    0.0000000000    0.0004345600
   0.0007700800   -0.0005964000    0.0004422500
  -0.0004770200   -0.0002754100    0.0003874800
   0.0000000000   -0.0008889700    0.0004623400
   0.0004770200   -0.0002754100    0.0003874800
   0.0001314600    0.0009651100    0.0004422500
  -0.0001314600    0.0009651100    0.0004422500
  -0.0030600900    0.0022078200   -0.0000530300
  -0.0007698700    0.0004444800    0.0004623400
   0.0007698700    0.0004444800    0.0004623400
   0.0030600900    0.0022078200   -0.0000530300
   0.0000000000    0.0067833400   -0.0011606000
   0.0007976800   -0.0004605400   -0.0077038600
   0.0006809600   -0.0004338000   -0.0026219600
   0.0000000000   -0.0001891500   -0.0014130600
  -0.0006809600   -0.0004338000   -0.0026219600
  -0.0007976800   -0.0004605400   -0.0077038600
   0.0000000000    0.0009210900   -0.0077038600
   0.0005022700    0.0002899900   -0.0032856000
   0.0002309600    0.0000098100   -0.0014448300
  -0.0002309600    0.0000098100   -0.0014448300
  -0.0005022700    0.0002899900   -0.0032856000
   0.0000352000    0.0008066300   -0.0026219600
  -0.0000352000    0.0008066300   -0.0026219600
   0.0001239700    0.0001951100   -0.0014448300
   0.0000000000    0.0000000000   -0.0010581900
  -0.0001239700    0.0001951100   -0.0014448300
   0.0001638100    0.0000945800   -0.0014130600
   0.0000000000    0.0002608200   -0.0013397900
  -0.0001638100    0.0000945800   -0.0014130600
  -0.0001069800   -0.0002049200   -0.0014448300
   0.0001069800   -0.0002049200   -0.0014448300
   0.0007161600   -0.0003728300   -0.0026219600
   0.0002258800   -0.0001304100   -0.0013397900
  -0.0002258800   -0.0001304100   -0.0013397900
  -0.0007161600   -0.0003728300   -0.0026219600
   0.0000000000   -0.0005799700   -0.0032856000
   0.0588481000   -0.0339759700   -0.0322914200
   0.0049145700   -0.0030855700   -0.0000052400
   0.0000000000   -0.0007567300    0.0003887300
  -0.0049145700   -0.0030855700   -0.0000052400
  -0.0588481000   -0.0339759700   -0.0322914200
   0.0000000000    0.0679519400   -0.0322914200
   0.0091463600    0.0052806500   -0.0010956400
   0.0009975000    0.0005116900    0.0004446000
  -0.0009975000    0.0005116900    0.0004446000
  -0.0091463600    0.0052806500   -0.0010956400
   0.0002148900    0.0057989300   -0.0000052400
  -0.0002148900    0.0057989300   -0.0000052400
   0.0009418800    0.0006080200    0.0004446000
   0.0000000000    0.0000000000    0.0004269200
  -0.0009418800    0.0006080200    0.0004446000
   0.0006553500    0.0003783600    0.0003887300
   0.0000000000    0.0008175900    0.0004627200
  -0.0006553500    0.0003783600    0.0003887300
  -0.0000556100   -0.0011197000    0.0004446000
   0.0000556100   -0.0011197000    0.0004446000
   0.0051294700   -0.0027133600   -0.0000052400
   0.0007080500   -0.0004087900    0.0004627200
  -0.0007080500   -0.0004087900    0.0004627200
  -0.0051294700   -0.0027133600   -0.0000052400
   0.0000000000   -0.0105613000   -0.0010956400
   0.0000000000    0.0000000000    0.0397115700
   0.0072067200   -0.0004278300    0.0019175200
   0.0013869200    0.0000641800    0.0003250200
  -0.0013869200    0.0000641800    0.0003250200
  -0.0072067200   -0.0004278300    0.0019175200
  -0.0032328500    0.0064551200    0.0019175200
   0.0032328500    0.0064551200    0.0019175200
   0.0015922100    0.0009192600    0.0003388900
   0.0000000000    0.0002568500    0.0000475000
  -0.0015922100    0.0009192600    0.0003388900
  -0.0007490400    0.0011690200    0.0003250200
   0.0000000000    0.0018995300    0.0003001100
   0.0007490400    0.0011690200    0.0003250200
   0.0002224400   -0.0001284200    0.0000475000
  -0.0002224400   -0.0001284200    0.0000475000
   0.0006378800   -0.0012331900    0.0003250200
   0.0002189200    0.0001264000    0.0000393800
  -0.0002189200    0.0001264000    0.0000393800
  -0.0006378800   -0.0012331900    0.0003250200
   0.0000000000   -0.0018385300    0.0003388900
   0.0039738700   -0.0060272900    0.0019175200
   0.0016450400   -0.0009497700    0.0003001100
   0.0000000000   -0.0002527900    0.0000393800
  -0.0016450400   -0.0009497700    0.0003001100
  -0.0039738700   -0.0060272900    0.0019175200
   0.0000000000    0.0000000000    0.0077918600
  -0.0014323700   -0.0005747400    0.0051214800
  -0.0004018400   -0.0000567700    0.0016012900
   0.0004018400   -0.0000567700    0.0016012900
   0.0014323700   -0.0005747400    0.0051214800
   0.0012139300   -0.0009530900    0.0051214800
  -0.0012139300   -0.0009530900    0.0051214800
  -0.0005907100   -0.0003410500    0.0018820600
   0.0000000000   -0.0000917800    0.0010918600
   0.0005907100   -0.0003410500    0.0018820600
   0.0002500900   -0.0003196200    0.0016012900
   0.0000000000   -0.0005898400    0.0020171300
  -0.0002500900   -0.0003196200    0.0016012900
  -0.0000794900    0.0000458900    0.0010918600
   0.0000794900    0.0000458900    0.0010918600
  -0.0001517500    0.0003763900    0.0016012900
  -0.0000758000   -0.0000437600    0.0011212000
   0.0000758000   -0.0000437600    0.0011212000
   0.0001517500    0.0003763900    0.0016012900
   0.0000000000    0.0006821000    0.0018820600
  -0.0002184400    0.0015278400    0.0051214800
  -0.0005108200    0.0002949200    0.0020171300
   0.0000000000    0.0000875300    0.0011212000
   0.0005108200    0.0002949200    0.0020171300
   0.0002184400    0.0015278400    0.0051214800
   0.0000000000    0.0000000000   -0.2586735800
  -0.0175813400    0.0036665400   -0.0075011600
  -0.0022555200    0.0003000000   -0.0017134000
   0.0022555200    0.0003000000   -0.0017134000
   0.0175813400    0.0036665400   -0.0075011600
   0.0056153500   -0.0170591500   -0.0075011600
  -0.0056153500   -0.0170591500   -0.0075011600
  -0.0019668800   -0.0011355800   -0.0021731600
   0.0000000000   -0.0002251300   -0.0010996200
   0.0019668800   -0.0011355800   -0.0021731600
   0.0008679500   -0.0021033400   -0.0017134000
   0.0000000000   -0.0026036700   -0.0022557000
  -0.0008679500   -0.0021033400   -0.0017134000
  -0.0001949700    0.0001125700   -0.0010996200
   0.0001949700    0.0001125700   -0.0010996200
  -0.0013875700    0.0018033300   -0.0017134000
  -0.0002546200   -0.0001470000   -0.0011202100
   0.0002546200   -0.0001470000   -0.0011202100
   0.0013875700    0.0018033300   -0.0017134000
   0.0000000000    0.0022711600   -0.0021731600
  -0.0119659800    0.0133926200   -0.0075011600
  -0.0022548400    0.0013018300   -0.0022557000
   0.0000000000    0.0002940100   -0.0011202100
   0.0022548400    0.0013018300   -0.0022557000
   0.0119659800    0.0133926200   -0.0075011600
  -0.0477268000    0.0275550800   -0.0891667100
   0.0067384800    0.0008046500   -0.0036274500
   0.0000000000    0.0001139300   -0.0016995200
  -0.0067384800    0.0008046500   -0.0036274500
   0.0477268000    0.0275550800   -0.0891667100
   0.0000000000   -0.0551101700   -0.0891667100
   0.0071995300    0.0041566500   -0.0065335100
   0.0010556000    0.0004996000   -0.0017049200
  -0.0010556000    0.0004996000   -0.0017049200
  -0.0071995300    0.0041566500   -0.0065335100
  -0.0040660800    0.0054333700   -0.0036274500
   0.0040660800    0.0054333700   -0.0036274500
   0.0009604700    0.0006643800   -0.0017049200
   0.0000000000    0.0000000000   -0.0011019800
  -0.0009604700    0.0006643800   -0.0017049200
  -0.0000986700   -0.0000569700   -0.0016995200
   0.0000000000    0.0006589700   -0.0014593200
   0.0000986700   -0.0000569700   -0.0016995200
  -0.0000951300   -0.0011639800   -0.0017049200
   0.0000951300   -0.0011639800   -0.0017049200
   0.0026723900   -0.0062380200   -0.0036274500
   0.0005706800   -0.0003294800   -0.0014593200
  -0.0005706800   -0.0003294800   -0.0014593200
  -0.0026723900   -0.0062380200   -0.0036274500
   0.0000000000   -0.0083133000   -0.0065335100
   0.0032869700   -0.0018977300    0.0088676000
   0.0011191400   -0.0001453100    0.0024589600
   0.0000000000   -0.0000343800    0.0012155900
  -0.0011191400   -0.0001453100    0.0024589600
  -0.0032869700   -0.0018977300    0.0088676000
   0.0000000000    0.0037954700    0.0088676000
   0.0012126900    0.0007001500    0.0032084400
   0.0003246700    0.0001678600    0.0012741000
  -0.0003246700    0.0001678600    0.0012741000
  -0.0012126900    0.0007001500    0.0032084400
  -0.0004337300    0.0010418600    0.0024589600
   0.0004337300    0.0010418600    0.0024589600
   0.0003077100    0.0001972400    0.0012741000
   0.0000000000    0.0000000000    0.0008946000
  -0.0003077100    0.0001972400    0.0012741000
   0.0000297700    0.0000171900    0.0012155900
   0.0000000000    0.0002559800    0.0011487400
  -0.0000297700    0.0000171900    0.0012155900
  -0.0000169600   -0.0003651100    0.0012741000
   0.0000169600   -0.0003651100    0.0012741000
   0.0006854100   -0.0008965500    0.0024589600
   0.0002216900   -0.0001279900    0.0011487400
  -0.0002216900   -0.0001279900    0.0011487400
  -0.0006854100   -0.0008965500    0.0024589600
   0.0000000000   -0.0014003000    0.0032084400
  -0.0113450100    0.0065500400    0.0162626100
  -0.0032476200    0.0004778100    0.0014443900
   0.0000000000    0.0000934000    0.0004091200
   0.0032476200    0.0004778100    0.0014443900
   0.0113450100    0.0065500400    0.0162626100
   0.0000000000   -0.0131000900    0.0162626100
  -0.0035854700   -0.0020700700    0.0020869200
  -0.0008864100   -0.0004094400    0.0003872300
   0.0008864100   -0.0004094400    0.0003872300
   0.0035854700   -0.0020700700    0.0020869200
   0.0012100100   -0.0030514300    0.0014443900
  -0.0012100100   -0.0030514300    0.0014443900
  -0.0007977900   -0.0005629300    0.0003872300
   0.0000000000    0.0000000000    0.0001997100
   0.0007977900   -0.0005629300    0.0003872300
  -0.0000808800   -0.0000467000    0.0004091200
   0.0000000000   -0.0006649900    0.0002754700
   0.0000808800   -0.0000467000    0.0004091200
   0.0000886200    0.0009723700    0.0003872300
  -0.0000886200    0.0009723700    0.0003872300
  -0.0020376100    0.0025736200    0.0014443900
  -0.0005759000    0.0003325000    0.0002754700
   0.0005759000    0.0003325000    0.0002754700
   0.0020376100    0.0025736200    0.0014443900
   0.0000000000    0.0041401500    0.0020869200
# File: 4
# 151     0.0300000000000000   0.0000000000000000   0.0000000000000000
   0.0204935100   -0.0000909100    0.0000019100
  -0.0057412400   -0.0035612800    0.0073760100
  -0.0041358100   -0.0007913700    0.0014034000
  -0.0041236900    0.0007693700   -0.0013920300
  -0.0057803000    0.0035781900   -0.0072708900
   0.0045642800    0.0016914400   -0.0040714200
   0.0047581600   -0.0016658100    0.0040352500
  -0.0029925800   -0.0020051700    0.0016517900
  -0.0028178500   -0.0000065400   -0.0000032500
  -0.0029923400    0.0019889100   -0.0016523700
  -0.0001985500    0.0019078800   -0.0006584200
   0.0026898900    0.0000204600   -0.0000133000
  -0.0001653200   -0.0018981000    0.0006323400
  -0.0011499500   -0.0009616100    0.0002133800
  -0.0011535100    0.0009601900   -0.0002262100
   0.0001654600    0.0028655300    0.0007459000
  -0.0003898000    0.0011297400    0.0002179700
  -0.0003889600   -0.0011095700   -0.0002273400
   0.0001724200   -0.0028488500   -0.0007565800
   0.0004646100    0.0000080900   -0.0000023300
   0.0039822000    0.0099566800    0.0032679400
  -0.0021321900    0.0028012700    0.0015978100
  -0.0023286300    0.0000104000   -0.0000021000
  -0.0021328600   -0.0027689100   -0.0015979700
   0.0040073400   -0.0099866500   -0.0032675700
   0.0750655500   -0.0001511900   -0.0017601100
  -0.0101613300   -0.0027471800   -0.0176980900
  -0.0052421000   -0.0006307300   -0.0022890800
  -0.0052124200    0.0006196800    0.0021974800
  -0.0101282000    0.0027834600    0.0172150300
   0.0045664700    0.0051232300    0.0118488200
   0.0048426600   -0.0050876700   -0.0119110900
  -0.0035257300   -0.0026720900   -0.0022783300
  -0.0030998800   -0.0000070700   -0.0000219300
  -0.0035441200    0.0026445300    0.0022140500
  -0.0002803100    0.0025432900    0.0013617400
   0.0029089500    0.0000289800   -0.0000186500
  -0.0002399300   -0.0025335800   -0.0013906900
  -0.0012089300   -0.0010904900   -0.0002742800
  -0.0012166600    0.0010889800    0.0002347000
  -0.0000112200    0.0033504700   -0.0008865800
  -0.0005275900    0.0012570700   -0.0002128300
  -0.0005324400   -0.0012280600    0.0001748300
   0.0000031600   -0.0033380600    0.0008479700
   0.0010697500   -0.0000005000   -0.0000237900
   0.0041053900    0.0116677900   -0.0056166400
  -0.0029387200    0.0033978100   -0.0019932600
  -0.0026820300    0.0000086100   -0.0000219900
  -0.0029438200   -0.0033585200    0.0019235900
   0.0040868100   -0.0117115000    0.0055310900
   0.0016057600   -0.0000052800    0.0000231300
   0.0005545600    0.0000735500   -0.0014071800
  -0.0012910100   -0.0000250500   -0.0003908300
  -0.0013051200    0.0000221700    0.0004012600
   0.0005461000   -0.0000879400    0.0014362100
   0.0010004200    0.0004099400    0.0002363500
   0.0009997400   -0.0004109000   -0.0001878800
  -0.0004434300   -0.0005229900   -0.0004948700
  -0.0011841900   -0.0000017500    0.0000064200
  -0.0004644700    0.0005267900    0.0005145600
   0.0001959500    0.0006486800    0.0001568800
   0.0004108800    0.0000090900    0.0000103700
   0.0002108900   -0.0006373200   -0.0001376500
  -0.0004094600   -0.0004456000   -0.0000664100
  -0.0004126600    0.0004451200    0.0000798400
   0.0000305900    0.0009935900   -0.0002401500
  -0.0002603500    0.0004671600   -0.0000701700
  -0.0002589600   -0.0004592100    0.0000884000
   0.0000312300   -0.0009891100    0.0002564500
   0.0004533800    0.0000002900    0.0000091900
   0.0010632600    0.0001375900   -0.0011978900
  -0.0005589300    0.0005580000   -0.0005769700
  -0.0010619500    0.0000048800    0.0000054600
  -0.0005612400   -0.0005627800    0.0005925400
   0.0010585100   -0.0001500700    0.0012207200
   0.2097860300   -0.0818982300   -0.0559853200
  -0.0142403800    0.0104769600    0.0066629600
  -0.0064811200    0.0000200200    0.0000174800
  -0.0141426800   -0.0103396800   -0.0065669900
   0.1812122500    0.0615066700    0.0425563500
   0.0716859800   -0.0019245700    0.0003838000
  -0.0099639800   -0.0167852000    0.0071145400
  -0.0049712200   -0.0022348000    0.0010530900
  -0.0049420100    0.0021700800   -0.0010225100
  -0.0099312200    0.0162919500   -0.0070541100
   0.0036548800    0.0098095400   -0.0039985000
   0.0036296400   -0.0096637500    0.0039805400
  -0.0015956200   -0.0034056700    0.0009532900
  -0.0013349600   -0.0000067000    0.0000098600
  -0.0016323500    0.0033782300   -0.0009363500
  -0.0009263600    0.0032224000   -0.0000922500
  -0.0011506200    0.0000171100    0.0000058000
  -0.0009303800   -0.0031900400    0.0000996200
   0.0015643400   -0.0022981500   -0.0000849600
   0.0015552600    0.0023014800    0.0001031300
  -0.0058308300    0.0053926200    0.0026249900
  -0.0039114500    0.0016052600    0.0005715000
  -0.0038944400   -0.0015726100   -0.0005467800
  -0.0058787500   -0.0053502400   -0.0026271700
   0.0186930100    0.0000220700    0.0000021600
   0.0047464100   -0.0022214700   -0.0114040300
  -0.0020350300    0.0001742500   -0.0032775100
  -0.0023158800   -0.0000007700   -0.0000180400
  -0.0020674000   -0.0001864700    0.0032204900
   0.0047532000    0.0021730200    0.0114907800
   0.0009441400   -0.0000388900    0.0001277100
   0.0006387200   -0.0019911200   -0.0036057300
  -0.0015632500   -0.0005333700   -0.0009009800
  -0.0015765900    0.0005194000    0.0008683400
   0.0005863500    0.0019858700    0.0035693500
   0.0005459500    0.0005202100    0.0012207100
   0.0005661200   -0.0004697000   -0.0012126500
  -0.0002779500   -0.0012415100   -0.0008097500
  -0.0005590900   -0.0000022900   -0.0000116900
  -0.0002911000    0.0012459400    0.0007866300
  -0.0003840300    0.0011209700   -0.0000863900
  -0.0004454600    0.0000083600   -0.0000100100
  -0.0003799100   -0.0011110200    0.0000739800
   0.0006042700   -0.0007559100    0.0000756300
   0.0006062000    0.0007526600   -0.0000983100
  -0.0004705000    0.0019213500   -0.0020446900
  -0.0015664600    0.0006565300   -0.0005902300
  -0.0015732100   -0.0006416600    0.0005585900
  -0.0004796800   -0.0019202000    0.0020192700
   0.0040565800   -0.0000017100   -0.0000114100
   0.0024837700   -0.0006593400    0.0033835000
  -0.0014339300    0.0003777800    0.0011419300
  -0.0019820000    0.0000027800   -0.0000097900
  -0.0014488500   -0.0003852900   -0.0011457200
   0.0024752200    0.0006516800   -0.0033884900
   0.0013465900   -0.0000108100   -0.0000359400
   0.0006660900   -0.0017054000    0.0012374800
  -0.0012918200   -0.0004399100    0.0003219700
  -0.0012995900    0.0004291800   -0.0003402400
   0.0006398600    0.0016903900   -0.0012457800
   0.0003440600    0.0005991000   -0.0004564600
   0.0003504700   -0.0005759000    0.0004312200
  -0.0001431800   -0.0010852100    0.0003025100
  -0.0004453000   -0.0000023600   -0.0000107300
  -0.0001516300    0.0010851400   -0.0003245800
  -0.0003326800    0.0009564100    0.0000193700
  -0.0005302400    0.0000053000   -0.0000137100
  -0.0003281500   -0.0009519500   -0.0000451900
   0.0005950400   -0.0006702500   -0.0000296000
   0.0005951200    0.0006688300    0.0000074000
  -0.0003644700    0.0010669400    0.0006900000
  -0.0014208600    0.0005205900    0.0002162300
  -0.0014176000   -0.0005057900   -0.0002370000
  -0.0003754300   -0.0010621400   -0.0007106900
   0.0035964400   -0.0000010600   -0.0000093400
  -0.6283904500    0.0233903400    0.0149720600
   0.0515052900   -0.0049941700   -0.0038111300
   0.0110835900   -0.0003200500   -0.0003549900
   0.0109378900    0.0003275300    0.0003643600
   0.0493944600    0.0049341300    0.0038142100
   0.0020093200   -0.0328219900    0.0019202100
   0.0017850000    0.0331365100   -0.0017793900
   0.0048019500    0.0052078700   -0.0001467100
   0.0036591400    0.0000152200    0.0000043900
   0.0048230700   -0.0051001900    0.0001621400
   0.0015419600   -0.0058104600    0.0002448600
  -0.0041123400   -0.0000119300    0.0000055300
   0.0015168700    0.0057800900   -0.0002309500
   0.0010589900    0.0015044000   -0.0000388800
   0.0010656200   -0.0014926700    0.0000457100
   0.0015322900   -0.0051631100   -0.0001160900
   0.0010648300   -0.0015168200   -0.0000269200
   0.0010590700    0.0014816700    0.0000347900
   0.0015273800    0.0051383100    0.0001279400
  -0.0041132300   -0.0000138500    0.0000057300
   0.0018693000   -0.0232163100   -0.0019348300
   0.0048257700   -0.0051994700   -0.0002542500
   0.0036596000   -0.0000152000    0.0000035800
   0.0048007700    0.0051076300    0.0002612800
   0.0019354900    0.0228999300    0.0019889800
  -0.0050203200    0.0000307700   -0.0000263800
   0.0008564100    0.0013007500    0.0046331200
   0.0020375200    0.0002266100    0.0010192300
   0.0020432200   -0.0002173300   -0.0009944300
   0.0008862200   -0.0012865300   -0.0046379000
  -0.0018557000   -0.0004676000   -0.0003934400
  -0.0019276900    0.0004485600    0.0003154600
   0.0009488900    0.0010801400    0.0013556700
   0.0014741500    0.0000025400    0.0000070500
   0.0009708100   -0.0010768600   -0.0013385300
  -0.0000116700   -0.0009548400   -0.0004903600
  -0.0008317300   -0.0000135800   -0.0000038800
  -0.0000284300    0.0009393800    0.0004921700
   0.0004230800    0.0006062400    0.0001667300
   0.0004275800   -0.0006046000   -0.0001569800
  -0.0000026900   -0.0014232000    0.0005201600
   0.0004466900   -0.0006158100    0.0001569200
   0.0004454300    0.0006003400   -0.0001472000
  -0.0000019500    0.0014190500   -0.0005110300
  -0.0009077700    0.0000016900    0.0000053700
  -0.0020297100   -0.0028103500    0.0042930600
   0.0010166300   -0.0010719500    0.0014789500
   0.0015008800   -0.0000027500    0.0000087900
   0.0010262700    0.0010668400   -0.0014559000
  -0.0020247700    0.0028122100   -0.0042703500
  -0.0050210500    0.0000264200    0.0000078800
   0.0008638600    0.0011423100   -0.0037910200
   0.0020401600    0.0002466600   -0.0008872400
   0.0020412100   -0.0002368600    0.0008837400
   0.0008821800   -0.0011329900    0.0037909100
  -0.0020012500   -0.0003837300    0.0005931800
  -0.0020535500    0.0003758200   -0.0005422700
   0.0010155700    0.0010729000   -0.0012142600
   0.0014990400    0.0000037000    0.0000040100
   0.0010273200   -0.0010656800    0.0012175900
   0.0000033900   -0.0009625100    0.0004631000
  -0.0009075000   -0.0000072700    0.0000100700
  -0.0000089400    0.0009524600   -0.0004468600
   0.0004434600    0.0006080600   -0.0001466600
   0.0004485600   -0.0006075500    0.0001595900
  -0.0000188800   -0.0014149000   -0.0004246600
   0.0004264500   -0.0006131800   -0.0001205400
   0.0004246700    0.0005989700    0.0001365600
  -0.0000214100    0.0014078200    0.0004381600
  -0.0008307800   -0.0000013700    0.0000057000
  -0.0018902600   -0.0028910600   -0.0032252900
   0.0009568400   -0.0010836700   -0.0012840200
   0.0014759000   -0.0000034100    0.0000034800
   0.0009621600    0.0010722700    0.0012816500
  -0.0018921800    0.0028900200    0.0032223100
   0.0020433600   -0.0105694800   -0.0239123400
   0.0052966400   -0.0018961500   -0.0049035900
   0.0040145000   -0.0000048800   -0.0000116600
   0.0052666400    0.0018594800    0.0048166600
   0.0021317100    0.0104507300    0.0235859000
  -0.0161158600   -0.0000853000    0.0001684300
   0.0011687700    0.0044850900   -0.0058526500
   0.0028629100    0.0009317400   -0.0010886200
   0.0028625500   -0.0009090200    0.0010774700
   0.0012269100   -0.0044086500    0.0058102200
  -0.0017394400   -0.0024700600    0.0024939700
  -0.0017699500    0.0024319900   -0.0024710000
   0.0009615400    0.0020156000   -0.0009224500
   0.0011410800    0.0000039100    0.0000004400
   0.0009762200   -0.0020035400    0.0009226200
   0.0005141300   -0.0020319100   -0.0000132700
   0.0002079300   -0.0000138400    0.0000022900
   0.0005058500    0.0020141800    0.0000200200
  -0.0006231400    0.0010931100    0.0001618200
  -0.0006192400   -0.0010982600   -0.0001595900
   0.0012656900   -0.0039360800   -0.0023800500
   0.0022050000   -0.0011649400   -0.0006091300
   0.0022010100    0.0011401700    0.0006057000
   0.0012686300    0.0039218400    0.0023746000
  -0.0065048900   -0.0000100000   -0.0000051600
   0.0020051200   -0.0106025500    0.0341182100
   0.0052782100   -0.0016256200    0.0051743800
   0.0040141700   -0.0000048000    0.0000252000
   0.0052836200    0.0015962700   -0.0050369600
   0.0021626600    0.0104121300   -0.0336929000
  -0.0161126500   -0.0001738200   -0.0003555400
   0.0011497900    0.0044710900    0.0059822900
   0.0028595400    0.0009262900    0.0010874500
   0.0028663700   -0.0009073400   -0.0010448400
   0.0012473500   -0.0044219800   -0.0059021400
  -0.0017286100   -0.0022176800   -0.0028597800
  -0.0017794300    0.0021516300    0.0028837400
   0.0009585800    0.0020169400    0.0009498000
   0.0011413200    0.0000044700    0.0000137100
   0.0009789300   -0.0020099400   -0.0009238100
   0.0005154200   -0.0020326300   -0.0000176000
   0.0002086600   -0.0000160400    0.0000094400
   0.0005055900    0.0020118500    0.0000401100
  -0.0006224200    0.0010913900   -0.0001162900
  -0.0006194300   -0.0010903400    0.0001411400
   0.0012602900   -0.0041943800    0.0022500900
   0.0022031200   -0.0011626600    0.0006240600
   0.0022018900    0.0011413100   -0.0005919600
   0.0012745600    0.0041968900   -0.0022146600
  -0.0065043000    0.0000101400    0.0000191200
  -0.0015628500    0.0002421900    0.0001009000
   0.0008502000   -0.0002585600    0.0001370200
   0.0014584700   -0.0000013700    0.0000005400
   0.0008620300    0.0002648300   -0.0001366400
  -0.0015517700   -0.0002313700   -0.0001102800
  -0.0011486600    0.0000035100   -0.0000064100
  -0.0004562700    0.0010277000    0.0001330700
   0.0009713700    0.0002884400    0.0000463300
   0.0009791900   -0.0002830800   -0.0000437100
  -0.0004358700   -0.0010187100   -0.0001408000
  -0.0003595000   -0.0004503500    0.0000020700
  -0.0003635900    0.0004329400   -0.0000069900
   0.0001532400    0.0007556100    0.0000373800
   0.0004351800    0.0000021900    0.0000020500
   0.0001648100   -0.0007568900   -0.0000369500
   0.0001782100   -0.0007445700    0.0000108600
   0.0003184400   -0.0000073600    0.0000000800
   0.0001750400    0.0007355800   -0.0000101200
  -0.0003359900    0.0004710700   -0.0000075500
  -0.0003359200   -0.0004711500    0.0000087200
   0.0000887400   -0.0007031200    0.0001405500
   0.0009916700   -0.0003913600    0.0000385600
   0.0009926100    0.0003849600   -0.0000351000
   0.0000951900    0.0007041200   -0.0001422100
  -0.0022182300    0.0000026900   -0.0000015100
# File: 5
# 151     0.0000000000000000   0.0000000000000000   0.0300000000000000
   0.0000000000    0.0000000000   -0.0403186900
   0.0150281200    0.0091882100   -0.0018635900
   0.0014908700    0.0007848300   -0.0003205000
  -0.0014908700    0.0007848300   -0.0003205000
  -0.0150281200    0.0091882100   -0.0018635900
  -0.0154712800    0.0084206300   -0.0018635900
   0.0154712800    0.0084206300   -0.0018635900
   0.0024818300    0.0014328800   -0.0002949500
   0.0000000000    0.0004235000   -0.0000426900
  -0.0024818300    0.0014328800   -0.0002949500
  -0.0014251200    0.0008987100   -0.0003205000
  -0.0000000000    0.0031870600   -0.0003324900
   0.0014251200    0.0008987100   -0.0003205000
   0.0003667600   -0.0002117500   -0.0000426900
  -0.0003667600   -0.0002117500   -0.0000426900
   0.0000657500   -0.0016835500   -0.0003205000
   0.0001938100    0.0001119000   -0.0000518600
  -0.0001938100    0.0001119000   -0.0000518600
  -0.0000657500   -0.0016835500   -0.0003205000
   0.0000000000   -0.0028657700   -0.0002949500
  -0.0004431600   -0.0176088400   -0.0018635900
   0.0027600700   -0.0015935300   -0.0003324900
   0.0000000000   -0.0002238000   -0.0000518600
  -0.0027600700   -0.0015935300   -0.0003324900
   0.0004431600   -0.0176088400   -0.0018635900
   0.0000000000    0.0000000000    0.2586910200
  -0.0167849600   -0.0058671300    0.0075850700
  -0.0012902500   -0.0008022500    0.0017183300
   0.0012902500   -0.0008022500    0.0017183300
   0.0167849600   -0.0058671300    0.0075850700
   0.0134735600   -0.0116026400    0.0075850700
  -0.0134735600   -0.0116026400    0.0075850700
  -0.0023705700   -0.0013686500    0.0022585400
   0.0000000000   -0.0004334200    0.0011168600
   0.0023705700   -0.0013686500    0.0022585400
   0.0013398900   -0.0007162700    0.0017183300
   0.0000000000   -0.0025121900    0.0021754900
  -0.0013398900   -0.0007162700    0.0017183300
  -0.0003753500    0.0002167100    0.0011168600
   0.0003753500    0.0002167100    0.0011168600
   0.0000496400    0.0015185200    0.0017183300
  -0.0001925500   -0.0001111700    0.0010951800
   0.0001925500   -0.0001111700    0.0010951800
  -0.0000496400    0.0015185200    0.0017183300
   0.0000000000    0.0027372900    0.0022585400
  -0.0033114000    0.0174697700    0.0075850700
  -0.0021756200    0.0012560900    0.0021754900
   0.0000000000    0.0002223300    0.0010951800
   0.0021756200    0.0012560900    0.0021754900
   0.0033114000    0.0174697700    0.0075850700
   0.0000000000    0.0000000000   -0.0078641700
   0.0000160500    0.0002180700   -0.0051604300
  -0.0000977700    0.0000818600   -0.0015984300
   0.0000977700    0.0000818600   -0.0015984300
  -0.0000160500    0.0002180700   -0.0051604300
  -0.0001968800   -0.0000951300   -0.0051604300
   0.0001968800   -0.0000951300   -0.0051604300
  -0.0000682500   -0.0000394000   -0.0020196000
   0.0000000000    0.0000124300   -0.0011152600
   0.0000682500   -0.0000394000   -0.0020196000
  -0.0000220100   -0.0001256000   -0.0015984300
   0.0000000000   -0.0001673700   -0.0018804200
   0.0000220100   -0.0001256000   -0.0015984300
   0.0000107700   -0.0000062200   -0.0011152600
  -0.0000107700   -0.0000062200   -0.0011152600
  -0.0001197800    0.0000437400   -0.0015984300
  -0.0000258700   -0.0000149300   -0.0010865600
   0.0000258700   -0.0000149300   -0.0010865600
   0.0001197800    0.0000437400   -0.0015984300
   0.0000000000    0.0000788100   -0.0020196000
  -0.0001808300   -0.0001229300   -0.0051604300
  -0.0001449500    0.0000836900   -0.0018804200
   0.0000000000    0.0000298700   -0.0010865600
   0.0001449500    0.0000836900   -0.0018804200
   0.0001808300   -0.0001229300   -0.0051604300
  -0.0476831300    0.0275298700    0.0895447300
   0.0004689800    0.0007544100    0.0035755900
   0.0000000000    0.0001452400    0.0016943000
  -0.0004689800    0.0007544100    0.0035755900
   0.0476831300    0.0275298700    0.0895447300
  -0.0000000000   -0.0550597300    0.0895447300
   0.0020504400    0.0011838200    0.0065083000
   0.0000109100    0.0000225100    0.0017028500
  -0.0000109100    0.0000225100    0.0017028500
  -0.0020504400    0.0011838200    0.0065083000
  -0.0008878300    0.0000289400    0.0035755900
   0.0008878300    0.0000289400    0.0035755900
   0.0000249500   -0.0000018100    0.0017028500
   0.0000000000    0.0000000000    0.0011066600
  -0.0000249500   -0.0000018100    0.0017028500
  -0.0001257800   -0.0000726200    0.0016943000
   0.0000000000    0.0000609900    0.0014617300
   0.0001257800   -0.0000726200    0.0016943000
   0.0000140400   -0.0000207100    0.0017028500
  -0.0000140400   -0.0000207100    0.0017028500
  -0.0004188500   -0.0007833500    0.0035755900
   0.0000528200   -0.0000305000    0.0014617300
  -0.0000528200   -0.0000305000    0.0014617300
   0.0004188500   -0.0007833500    0.0035755900
   0.0000000000   -0.0023676400    0.0065083000
   0.0000774500   -0.0000447200   -0.0164273000
  -0.0033250100    0.0009417400   -0.0014521500
   0.0000000000    0.0003374600   -0.0004159200
   0.0033250100    0.0009417400   -0.0014521500
  -0.0000774500   -0.0000447200   -0.0164273000
   0.0000000000    0.0000894300   -0.0164273000
  -0.0031047500   -0.0017925300   -0.0020966300
  -0.0007759100   -0.0001537000   -0.0003948900
   0.0007759100   -0.0001537000   -0.0003948900
   0.0031047500   -0.0017925300   -0.0020966300
   0.0008469300   -0.0033504100   -0.0014521500
  -0.0008469300   -0.0033504100   -0.0014521500
  -0.0005210700   -0.0005951000   -0.0003948900
   0.0000000000    0.0000000000   -0.0002100700
   0.0005210700   -0.0005951000   -0.0003948900
  -0.0002922500   -0.0001687300   -0.0004159200
   0.0000000000   -0.0006725900   -0.0002820100
   0.0002922500   -0.0001687300   -0.0004159200
   0.0002548400    0.0007488100   -0.0003948900
  -0.0002548400    0.0007488100   -0.0003948900
  -0.0024780800    0.0024086700   -0.0014521500
  -0.0005824800    0.0003362900   -0.0002820100
   0.0005824800    0.0003362900   -0.0002820100
   0.0024780800    0.0024086700   -0.0014521500
   0.0000000000    0.0035850500   -0.0020966300
   0.0017947400   -0.0010362000   -0.0090058700
   0.0025901800   -0.0013351100   -0.0024696200
   0.0000000000   -0.0003966600   -0.0012232800
  -0.0025901800   -0.0013351100   -0.0024696200
  -0.0017947400   -0.0010362000   -0.0090058700
   0.0000000000    0.0020723900   -0.0090058700
   0.0021679000    0.0012516400   -0.0032255500
   0.0007138300    0.0001077400   -0.0012811000
  -0.0007138300    0.0001077400   -0.0012811000
  -0.0021679000    0.0012516400   -0.0032255500
  -0.0001388500    0.0029107100   -0.0024696200
   0.0001388500    0.0029107100   -0.0024696200
   0.0004502200    0.0005643300   -0.0012811000
   0.0000000000    0.0000000000   -0.0009018100
  -0.0004502200    0.0005643300   -0.0012811000
   0.0003435100    0.0001983300   -0.0012232800
   0.0000000000    0.0006490000   -0.0011571500
  -0.0003435100    0.0001983300   -0.0012232800
  -0.0002636100   -0.0006720700   -0.0012811000
   0.0002636100   -0.0006720700   -0.0012811000
   0.0024513300   -0.0015756100   -0.0024696200
   0.0005620500   -0.0003245000   -0.0011571500
  -0.0005620500   -0.0003245000   -0.0011571500
  -0.0024513300   -0.0015756100   -0.0024696200
   0.0000000000   -0.0025032800   -0.0032255500
   0.0000000000    0.0000000000   -0.6284441100
   0.0035952800    0.0000981100   -0.0142552100
   0.0003302800   -0.0000614200   -0.0021178200
  -0.0003302800   -0.0000614200   -0.0021178200
  -0.0035952800    0.0000981100   -0.0142552100
  -0.0018826100    0.0030645400   -0.0142552100
   0.0018826100    0.0030645400   -0.0142552100
   0.0002349000    0.0001356200   -0.0025557200
   0.0000000000    0.0000331200   -0.0013114600
  -0.0002349000    0.0001356200   -0.0025557200
  -0.0001119500    0.0003167400   -0.0021178200
   0.0000000000    0.0001487700   -0.0025536000
   0.0001119500    0.0003167400   -0.0021178200
   0.0000286800   -0.0000165600   -0.0013114600
  -0.0000286800   -0.0000165600   -0.0013114600
   0.0002183300   -0.0002553200   -0.0021178200
   0.0000388800    0.0000224500   -0.0013098400
  -0.0000388800    0.0000224500   -0.0013098400
  -0.0002183300   -0.0002553200   -0.0021178200
   0.0000000000   -0.0002712400   -0.0025557200
   0.0017126700   -0.0031626600   -0.0142552100
   0.0001288400   -0.0000743800   -0.0025536000
   0.0000000000   -0.0000448900   -0.0013098400
  -0.0001288400   -0.0000743800   -0.0025536000
  -0.0017126700   -0.0031626600   -0.0142552100
   0.0000000000    0.0000000000    0.0102400100
   0.0038270400    0.0015528900    0.0064742900
   0.0008903500   -0.0000125200    0.0010176800
  -0.0008903500   -0.0000125200    0.0010176800
  -0.0038270400    0.0015528900    0.0064742900
  -0.0032583700    0.0025378700    0.0064742900
   0.0032583700    0.0025378700    0.0064742900
   0.0012937200    0.0007469300    0.0013392200
   0.0000000000    0.0001501500    0.0006633300
  -0.0012937200    0.0007469300    0.0013392200
  -0.0004343300    0.0007773300    0.0010176800
  -0.0000000000    0.0014141300    0.0012640400
   0.0004343300    0.0007773300    0.0010176800
   0.0001300400   -0.0000750800    0.0006633300
  -0.0001300400   -0.0000750800    0.0006633300
   0.0004560200   -0.0007648000    0.0010176800
   0.0001533300    0.0000885200    0.0006478200
  -0.0001533300    0.0000885200    0.0006478200
  -0.0004560200   -0.0007648000    0.0010176800
  -0.0000000000   -0.0014938600    0.0013392200
   0.0005686800   -0.0040907600    0.0064742900
   0.0012246700   -0.0007070700    0.0012640400
   0.0000000000   -0.0001770500    0.0006478200
  -0.0012246700   -0.0007070700    0.0012640400
  -0.0005686800   -0.0040907600    0.0064742900
   0.0000000000    0.0000000000    0.0101852100
  -0.0046220200   -0.0022495200    0.0064356700
  -0.0010048600   -0.0000130100    0.0010372500
   0.0010048600   -0.0000130100    0.0010372500
   0.0046220200   -0.0022495200    0.0064356700
   0.0042591500   -0.0028780200    0.0064356700
  -0.0042591500   -0.0028780200    0.0064356700
  -0.0014637100   -0.0008450700    0.0012868300
   0.0000000000   -0.0001753500    0.0006651500
   0.0014637100   -0.0008450700    0.0012868300
   0.0005137000   -0.0008637300    0.0010372500
  -0.0000000000   -0.0015511600    0.0013557800
  -0.0005137000   -0.0008637300    0.0010372500
  -0.0001518600    0.0000876700    0.0006651500
   0.0001518600    0.0000876700    0.0006651500
  -0.0004911600    0.0008767400    0.0010372500
  -0.0001623700   -0.0000937400    0.0006804600
   0.0001623700   -0.0000937400    0.0006804600
   0.0004911600    0.0008767400    0.0010372500
   0.0000000000    0.0016901500    0.0012868300
  -0.0003628700    0.0051275400    0.0064356700
  -0.0013433400    0.0007755800    0.0013557800
   0.0000000000    0.0001874900    0.0006804600
   0.0013433400    0.0007755800    0.0013557800
   0.0003628700    0.0051275400    0.0064356700
  -0.0334091700    0.0192887900    0.0321603700
  -0.0050851800   -0.0003613800   -0.0019358100
   0.0000000000   -0.0000302700   -0.0006352300
   0.0050851800   -0.0003613800   -0.0019358100
   0.0334091700    0.0192887900    0.0321603700
   0.0000000000   -0.0385775900    0.0321603700
  -0.0059406100   -0.0034298100   -0.0019859300
  -0.0010683400   -0.0004660500   -0.0007231800
   0.0010683400   -0.0004660500   -0.0007231800
   0.0059406100   -0.0034298100   -0.0019859300
   0.0028555500   -0.0042232100   -0.0019358100
  -0.0028555500   -0.0042232100   -0.0019358100
  -0.0009377800   -0.0006921900   -0.0007231800
   0.0000000000    0.0000000000   -0.0005045000
   0.0009377800   -0.0006921900   -0.0007231800
   0.0000262100    0.0000151300   -0.0006352300
   0.0000000000   -0.0007032500   -0.0006229500
  -0.0000262100    0.0000151300   -0.0006352300
   0.0001305600    0.0011582300   -0.0007231800
  -0.0001305600    0.0011582300   -0.0007231800
  -0.0022296300    0.0045845800   -0.0019358100
  -0.0006090300    0.0003516200   -0.0006229500
   0.0006090300    0.0003516200   -0.0006229500
   0.0022296300    0.0045845800   -0.0019358100
   0.0000000000    0.0068596300   -0.0019859300
   0.0242494300   -0.0140004100    0.0331642700
   0.0048980300    0.0000702100   -0.0020024700
   0.0000000000   -0.0000181100   -0.0006516600
  -0.0048980300    0.0000702100   -0.0020024700
  -0.0242494300   -0.0140004100    0.0331642700
   0.0000000000    0.0280008300    0.0331642700
   0.0058735800    0.0033911200   -0.0020650100
   0.0010879500    0.0004409000   -0.0007402400
  -0.0010879500    0.0004409000   -0.0007402400
  -0.0058735800    0.0033911200   -0.0020650100
  -0.0025098100    0.0042067100   -0.0020024700
   0.0025098100    0.0042067100   -0.0020024700
   0.0009258100    0.0007217400   -0.0007402400
   0.0000000000    0.0000000000   -0.0005122600
  -0.0009258100    0.0007217400   -0.0007402400
   0.0000156800    0.0000090500   -0.0006516600
   0.0000000000    0.0007013600   -0.0006363300
  -0.0000156800    0.0000090500   -0.0006516600
  -0.0001621400   -0.0011626400   -0.0007402400
   0.0001621400   -0.0011626400   -0.0007402400
   0.0023882100   -0.0042769200   -0.0020024700
   0.0006074000   -0.0003506800   -0.0006363300
  -0.0006074000   -0.0003506800   -0.0006363300
  -0.0023882100   -0.0042769200   -0.0020024700
   0.0000000000   -0.0067822300   -0.0020650100
  -0.0000996600    0.0000575400    0.0058283200
  -0.0001294900    0.0000821400    0.0029583400
   0.0000000000    0.0000121100    0.0013392400
   0.0001294900    0.0000821400    0.0029583400
   0.0000996600    0.0000575400    0.0058283200
   0.0000000000   -0.0001150700    0.0058283200
  -0.0001292200   -0.0000746000    0.0045891900
  -0.0000413200   -0.0000156300    0.0014828300
   0.0000413200   -0.0000156300    0.0014828300
   0.0001292200   -0.0000746000    0.0045891900
  -0.0000063900   -0.0001532100    0.0029583400
   0.0000063900   -0.0001532100    0.0029583400
  -0.0000342000   -0.0000279700    0.0014828300
   0.0000000000    0.0000000000    0.0010386200
   0.0000342000   -0.0000279700    0.0014828300
  -0.0000104900   -0.0000060600    0.0013392400
   0.0000000000   -0.0000399000    0.0012992500
   0.0000104900   -0.0000060600    0.0013392400
   0.0000071200    0.0000436000    0.0014828300
  -0.0000071200    0.0000436000    0.0014828300
  -0.0001358800    0.0000710700    0.0029583400
  -0.0000345500    0.0000199500    0.0012992500
   0.0000345500    0.0000199500    0.0012992500
   0.0001358800    0.0000710700    0.0029583400
   0.0000000000    0.0001492100    0.0045891900
# File: 6
# 151     0.0000000000000000   0.0000000000000000  -0.0300000000000000
   0.0000000000    0.0000000000    0.0413813900
  -0.0150668500   -0.0092748700    0.0017799700
  -0.0014916700   -0.0007866200    0.0002836600
   0.0014916700   -0.0007866200    0.0002836600
   0.0150668500   -0.0092748700    0.0017799700
   0.0155657000   -0.0084108400    0.0017799700
  -0.0155657000   -0.0084108400    0.0017799700
  -0.0024726100   -0.0014275600    0.0002493900
   0.0000000000   -0.0004211700    0.0000093300
   0.0024726100   -0.0014275600    0.0002493900
   0.0014270700   -0.0008985100    0.0002836600
  -0.0000000000   -0.0032142400    0.0002867700
  -0.0014270700   -0.0008985100    0.0002836600
  -0.0003647400    0.0002105800    0.0000093300
   0.0003647400    0.0002105800    0.0000093300
  -0.0000646000    0.0016851300    0.0002836600
  -0.0001917400   -0.0001107000    0.0000196200
   0.0001917400   -0.0001107000    0.0000196200
   0.0000646000    0.0016851300    0.0002836600
   0.0000000000    0.0028551200    0.0002493900
   0.0004988500    0.0176857100    0.0017799700
  -0.0027836100    0.0016071200    0.0002867700
   0.0000000000    0.0002214100    0.0000196200
   0.0027836100    0.0016071200    0.0002867700
  -0.0004988500    0.0176857100    0.0017799700
   0.0000000000   -0.0000000000   -0.2048377700
   0.0164689500    0.0057947600   -0.0073458800
   0.0012882300    0.0007947000   -0.0016947900
  -0.0012882300    0.0007947000   -0.0016947900
  -0.0164689500    0.0057947600   -0.0073458800
  -0.0132528800    0.0113651500   -0.0073458800
   0.0132528800    0.0113651500   -0.0073458800
   0.0023563500    0.0013604400   -0.0022254900
   0.0000000000    0.0004312000   -0.0011219700
  -0.0023563500    0.0013604400   -0.0022254900
  -0.0013323400    0.0007182900   -0.0016947900
   0.0000000000    0.0024940000   -0.0021465400
   0.0013323400    0.0007182900   -0.0016947900
   0.0003734300   -0.0002156000   -0.0011219700
  -0.0003734300   -0.0002156000   -0.0011219700
  -0.0000441200   -0.0015129900   -0.0016947900
   0.0001949100    0.0001125300   -0.0011028400
  -0.0001949100    0.0001125300   -0.0011028400
   0.0000441200   -0.0015129900   -0.0016947900
   0.0000000000   -0.0027208800   -0.0022254900
   0.0032160700   -0.0171599100   -0.0073458800
   0.0021598700   -0.0012470000   -0.0021465400
   0.0000000000   -0.0002250600   -0.0011028400
  -0.0021598700   -0.0012470000   -0.0021465400
  -0.0032160700   -0.0171599100   -0.0073458800
   0.0000000000   -0.0000000000    0.0078234800
  -0.0000306400   -0.0002161700    0.0051463600
   0.0000874600   -0.0000854700    0.0016094900
  -0.0000874600   -0.0000854700    0.0016094900
   0.0000306400   -0.0002161700    0.0051463600
   0.0002025300    0.0000815600    0.0051463600
  -0.0002025300    0.0000815600    0.0051463600
   0.0000521200    0.0000300900    0.0020274800
   0.0000000000   -0.0000168400    0.0011266200
  -0.0000521200    0.0000300900    0.0020274800
   0.0000302900    0.0001184800    0.0016094900
  -0.0000000000    0.0001550000    0.0018909600
  -0.0000302900    0.0001184800    0.0016094900
  -0.0000145800    0.0000084200    0.0011266200
   0.0000145800    0.0000084200    0.0011266200
   0.0001177500   -0.0000330000    0.0016094900
   0.0000249900    0.0000144300    0.0011004600
  -0.0000249900    0.0000144300    0.0011004600
  -0.0001177500   -0.0000330000    0.0016094900
   0.0000000000   -0.0000601900    0.0020274800
   0.0001718900    0.0001346200    0.0051463600
   0.0001342300   -0.0000775000    0.0018909600
  -0.0000000000   -0.0000288500    0.0011004600
  -0.0001342300   -0.0000775000    0.0018909600
  -0.0001718900    0.0001346200    0.0051463600
   0.0501225700   -0.0289382800   -0.0875403500
  -0.0003533000   -0.0008520100   -0.0036665200
  -0.0000000000   -0.0001703700   -0.0017023800
   0.0003533000   -0.0008520100   -0.0036665200
  -0.0501225700   -0.0289382800   -0.0875403500
   0.0000000000    0.0578765600   -0.0875403500
  -0.0019267200   -0.0011123900   -0.0065902500
   0.0000114800   -0.0000100900   -0.0017055300
  -0.0000114800   -0.0000100900   -0.0017055300
   0.0019267200   -0.0011123900   -0.0065902500
   0.0009145100    0.0001200300   -0.0036665200
  -0.0009145100    0.0001200300   -0.0036665200
  -0.0000030000    0.0000149900   -0.0017055300
  -0.0000000000    0.0000000000   -0.0010996300
   0.0000030000    0.0000149900   -0.0017055300
   0.0001475400    0.0000851800   -0.0017023800
  -0.0000000000   -0.0000408100   -0.0014609900
  -0.0001475400    0.0000851800   -0.0017023800
  -0.0000144800   -0.0000049000   -0.0017055300
   0.0000144800   -0.0000049000   -0.0017055300
   0.0005612100    0.0007319800   -0.0036665200
  -0.0000353400    0.0000204000   -0.0014609900
   0.0000353400    0.0000204000   -0.0014609900
  -0.0005612100    0.0007319800   -0.0036665200
  -0.0000000000    0.0022247900   -0.0065902500
  -0.0000813100    0.0000469400    0.0162661400
   0.0032615300   -0.0009285800    0.0014397400
  -0.0000000000   -0.0003311100    0.0004112200
  -0.0032615300   -0.0009285800    0.0014397400
   0.0000813100    0.0000469400    0.0162661400
  -0.0000000000   -0.0000938900    0.0162661400
   0.0030526300    0.0017624400    0.0020837900
   0.0007669500    0.0001510200    0.0003908800
  -0.0007669500    0.0001510200    0.0003908800
  -0.0030526300    0.0017624400    0.0020837900
  -0.0008265900    0.0032888600    0.0014397400
   0.0008265900    0.0032888600    0.0014397400
   0.0005142600    0.0005886900    0.0003908800
   0.0000000000   -0.0000000000    0.0002039500
  -0.0005142600    0.0005886900    0.0003908800
   0.0002867500    0.0001655600    0.0004112200
  -0.0000000000    0.0006624800    0.0002770400
  -0.0002867500    0.0001655600    0.0004112200
  -0.0002526900   -0.0007397100    0.0003908800
   0.0002526900   -0.0007397100    0.0003908800
   0.0024349400   -0.0023602800    0.0014397400
   0.0005737300   -0.0003312400    0.0002770400
  -0.0005737300   -0.0003312400    0.0002770400
  -0.0024349400   -0.0023602800    0.0014397400
  -0.0000000000   -0.0035248800    0.0020837900
  -0.0017940000    0.0010357700    0.0089938900
  -0.0026053400    0.0013375100    0.0024281500
  -0.0000000000    0.0003983700    0.0011822600
   0.0026053400    0.0013375100    0.0024281500
   0.0017940000    0.0010357700    0.0089938900
   0.0000000000   -0.0020715400    0.0089938900
  -0.0021783100   -0.0012576500    0.0031728300
  -0.0007207000   -0.0001108000    0.0012405800
   0.0007207000   -0.0001108000    0.0012405800
   0.0021783100   -0.0012576500    0.0031728300
   0.0001443600   -0.0029250400    0.0024281500
  -0.0001443600   -0.0029250400    0.0024281500
  -0.0004563100   -0.0005687400    0.0012405800
  -0.0000000000    0.0000000000    0.0008628400
   0.0004563100   -0.0005687400    0.0012405800
  -0.0003450000   -0.0001991800    0.0011822600
  -0.0000000000   -0.0006569800    0.0011182600
   0.0003450000   -0.0001991800    0.0011822600
   0.0002643900    0.0006795500    0.0012405800
  -0.0002643900    0.0006795500    0.0012405800
  -0.0024609800    0.0015875400    0.0024281500
  -0.0005689600    0.0003284900    0.0011182600
   0.0005689600    0.0003284900    0.0011182600
   0.0024609800    0.0015875400    0.0024281500
   0.0000000000    0.0025152900    0.0031728300
   0.0000000000    0.0000000000    0.5676634700
  -0.0040162400   -0.0000324200    0.0141529500
  -0.0003887300    0.0000748000    0.0021244900
   0.0003887300    0.0000748000    0.0021244900
   0.0040162400   -0.0000324200    0.0141529500
   0.0020362000   -0.0034619500    0.0141529500
  -0.0020362000   -0.0034619500    0.0141529500
  -0.0002844100   -0.0001642000    0.0025543900
   0.0000000000   -0.0000388000    0.0013113300
   0.0002844100   -0.0001642000    0.0025543900
   0.0001295900   -0.0003740500    0.0021244900
   0.0000000000   -0.0002099600    0.0025564700
  -0.0001295900   -0.0003740500    0.0021244900
  -0.0000336000    0.0000194000    0.0013113300
   0.0000336000    0.0000194000    0.0013113300
  -0.0002591400    0.0002992500    0.0021244900
  -0.0000462300   -0.0000266900    0.0013127600
   0.0000462300   -0.0000266900    0.0013127600
   0.0002591400    0.0002992500    0.0021244900
   0.0000000000    0.0003284000    0.0025543900
  -0.0019800400    0.0034943700    0.0141529500
  -0.0001818300    0.0001049800    0.0025564700
   0.0000000000    0.0000533800    0.0013127600
   0.0001818300    0.0001049800    0.0025564700
   0.0019800400    0.0034943700    0.0141529500
   0.0000000000    0.0000000000   -0.0101209700
  -0.0037565300   -0.0015157700   -0.0063963300
  -0.0008786500    0.0000139800   -0.0010200700
   0.0008786500    0.0000139800   -0.0010200700
   0.0037565300   -0.0015157700   -0.0063963300
   0.0031909600   -0.0024953600   -0.0063963300
  -0.0031909600   -0.0024953600   -0.0063963300
  -0.0012723100   -0.0007345700   -0.0013362500
  -0.0000000000   -0.0001471900   -0.0006646100
   0.0012723100   -0.0007345700   -0.0013362500
   0.0004272100   -0.0007679300   -0.0010200700
  -0.0000000000   -0.0013919400   -0.0012676000
  -0.0004272100   -0.0007679300   -0.0010200700
  -0.0001274700    0.0000735900   -0.0006646100
   0.0001274700    0.0000735900   -0.0006646100
  -0.0004514400    0.0007539400   -0.0010200700
  -0.0001535000   -0.0000886200   -0.0006479800
   0.0001535000   -0.0000886200   -0.0006479800
   0.0004514400    0.0007539400   -0.0010200700
  -0.0000000000    0.0014691300   -0.0013362500
  -0.0005655600    0.0040111300   -0.0063963300
  -0.0012054600    0.0006959700   -0.0012676000
   0.0000000000    0.0001772500   -0.0006479800
   0.0012054600    0.0006959700   -0.0012676000
   0.0005655600    0.0040111300   -0.0063963300
   0.0000000000    0.0000000000   -0.0101695500
   0.0046502600    0.0022851400   -0.0064315300
   0.0010095300    0.0000155400   -0.0010013000
  -0.0010095300    0.0000155400   -0.0010013000
  -0.0046502600    0.0022851400   -0.0064315300
  -0.0043041100    0.0028846700   -0.0064315300
   0.0043041100    0.0028846700   -0.0064315300
   0.0014725300    0.0008501600   -0.0012457300
   0.0000000000    0.0001764400   -0.0006308500
  -0.0014725300    0.0008501600   -0.0012457300
  -0.0005182200    0.0008665100   -0.0010013000
  -0.0000000000    0.0015635000   -0.0013202600
   0.0005182200    0.0008665100   -0.0010013000
   0.0001528000   -0.0000882200   -0.0006308500
  -0.0001528000   -0.0000882200   -0.0006308500
   0.0004913100   -0.0008820500   -0.0010013000
   0.0001624000    0.0000937600   -0.0006482500
  -0.0001624000    0.0000937600   -0.0006482500
  -0.0004913100   -0.0008820500   -0.0010013000
  -0.0000000000   -0.0017003300   -0.0012457300
   0.0003461400   -0.0051698100   -0.0064315300
   0.0013540300   -0.0007817500   -0.0013202600
  -0.0000000000   -0.0001875200   -0.0006482500
  -0.0013540300   -0.0007817500   -0.0013202600
  -0.0003461400   -0.0051698100   -0.0064315300
   0.0344173400   -0.0198708600   -0.0331109200
   0.0051213600    0.0003784500    0.0020029000
   0.0000000000    0.0000366900    0.0006618700
  -0.0051213600    0.0003784500    0.0020029000
  -0.0344173400   -0.0198708600   -0.0331109200
   0.0000000000    0.0397417200   -0.0331109200
   0.0059443300    0.0034319600    0.0020685600
   0.0010644900    0.0004671500    0.0007488300
  -0.0010644900    0.0004671500    0.0007488300
  -0.0059443300    0.0034319600    0.0020685600
  -0.0028884300    0.0042460000    0.0020029000
   0.0028884300    0.0042460000    0.0020029000
   0.0009368100    0.0006883000    0.0007488300
   0.0000000000    0.0000000000    0.0005219300
  -0.0009368100    0.0006883000    0.0007488300
  -0.0000317800   -0.0000183500    0.0006618700
   0.0000000000    0.0006999900    0.0006441600
   0.0000317800   -0.0000183500    0.0006618700
  -0.0001276800   -0.0011554600    0.0007488300
   0.0001276800   -0.0011554600    0.0007488300
   0.0022329300   -0.0046244500    0.0020029000
   0.0006062100   -0.0003500000    0.0006441600
  -0.0006062100   -0.0003500000    0.0006441600
  -0.0022329300   -0.0046244500    0.0020029000
   0.0000000000   -0.0068639200    0.0020685600
  -0.0232556900    0.0134266800   -0.0321087100
  -0.0048260400   -0.0000543700    0.0019357200
   0.0000000000    0.0000214300    0.0006454600
   0.0048260400   -0.0000543700    0.0019357200
   0.0232556900    0.0134266800   -0.0321087100
   0.0000000000   -0.0268533500   -0.0321087100
  -0.0057926700   -0.0033444000    0.0019886500
  -0.0010778700   -0.0004381200    0.0007319500
   0.0010778700   -0.0004381200    0.0007319500
   0.0057926700   -0.0033444000    0.0019886500
   0.0024601100   -0.0041522900    0.0019357200
  -0.0024601100   -0.0041522900    0.0019357200
  -0.0009183600   -0.0007144000    0.0007319500
   0.0000000000    0.0000000000    0.0005152200
   0.0009183600   -0.0007144000    0.0007319500
  -0.0000185600   -0.0000107200    0.0006454600
   0.0000000000   -0.0006968300    0.0006314000
   0.0000185600   -0.0000107200    0.0006454600
   0.0001595100    0.0011525200    0.0007319500
  -0.0001595100    0.0011525200    0.0007319500
  -0.0023659300    0.0042066600    0.0019357200
  -0.0006034800    0.0003484200    0.0006314000
   0.0006034800    0.0003484200    0.0006314000
   0.0023659300    0.0042066600    0.0019357200
   0.0000000000    0.0066888000    0.0019886500
   0.0001130100   -0.0000652500   -0.0057967000
   0.0001447300   -0.0000878400   -0.0029394300
   0.0000000000   -0.0000130800   -0.0013270500
  -0.0001447300   -0.0000878400   -0.0029394300
  -0.0001130100   -0.0000652500   -0.0057967000
   0.0000000000    0.0001305000   -0.0057967000
   0.0001451000    0.0000837800   -0.0045650300
   0.0000469800    0.0000179600   -0.0014716000
  -0.0000469800    0.0000179600   -0.0014716000
  -0.0001451000    0.0000837800   -0.0045650300
   0.0000037100    0.0001692600   -0.0029394300
  -0.0000037100    0.0001692600   -0.0029394300
   0.0000390500    0.0000317100   -0.0014716000
   0.0000000000    0.0000000000   -0.0010258100
  -0.0000390500    0.0000317100   -0.0014716000
   0.0000113300    0.0000065400   -0.0013270500
   0.0000000000    0.0000458200   -0.0012886300
  -0.0000113300    0.0000065400   -0.0013270500
  -0.0000079400   -0.0000496700   -0.0014716000
   0.0000079400   -0.0000496700   -0.0014716000
   0.0001484400   -0.0000814200   -0.0029394300
   0.0000396800   -0.0000229100   -0.0012886300
  -0.0000396800   -0.0000229100   -0.0012886300
  -0.0001484400   -0.0000814200   -0.0029394300
   0.0000000000   -0.0001675500   -0.0045650300
