# File: 1
# 1       0.0600000000000000   0.0000000000000000   0.0000000000000000
  -0.0081048897   -0.0000000073   -0.0000000073
   0.0000021030   -0.0000000064   -0.0000000065
   0.0000012187   -0.0000000060   -0.0000000060
   0.0000133465    0.0000001397   -0.0000000450
   0.0000010082    0.0000078812   -0.0000125823
   0.0000006440   -0.0000076659   -0.0000122518
   0.0000133469   -0.0000001543    0.0000000325
   0.0000010076   -0.0000078944    0.0000125690
   0.0000006449    0.0000076531    0.0000122379
   0.0000133465   -0.0000000448    0.0000001398
   0.0000010083   -0.0000125823    0.0000078812
   0.0000006440   -0.0000122518   -0.0000076659
  -0.0000632757    0.0000124567    0.0000124566
   0.0000009590   -0.0000017765   -0.0000017769
   0.0000009094    0.0000017608    0.0000017608
  -0.0000637886    0.0000124533   -0.0000124670
   0.0000008829    0.0000017681   -0.0000017824
   0.0000008298   -0.0000017841    0.0000017696
   0.0000133469    0.0000000324   -0.0000001543
   0.0000010076    0.0000125691   -0.0000078944
   0.0000006448    0.0000122380    0.0000076531
  -0.0000637885   -0.0000124670    0.0000124532
   0.0000008829   -0.0000017825    0.0000017681
   0.0000008298    0.0000017697   -0.0000017840
  -0.0000632762   -0.0000124688   -0.0000124687
   0.0000009597    0.0000017614    0.0000017614
   0.0000009100   -0.0000017744   -0.0000017744
   0.0001168891    0.0001089617    0.0000667144
   0.0001221746   -0.0001133424    0.0000695831
   0.0000018144    0.0000001663   -0.0000015754
   0.0001168898   -0.0001088437   -0.0000667269
   0.0001221760    0.0001134625   -0.0000695939
   0.0000018148   -0.0000000462    0.0000015619
   0.0000065340    0.0000000583   -0.0000000063
   0.0000065193    0.0000000587   -0.0000000072
  -0.0000006798    0.0000000593   -0.0000000075
   0.0000104486   -0.0000150430   -0.0000025764
   0.0000104703    0.0000150745    0.0000077169
  -0.0000010655    0.0000021468    0.0000014454
   0.0000103192    0.0000147049   -0.0000079180
   0.0000103774   -0.0000145234    0.0000023274
  -0.0000009223    0.0000022250   -0.0000014997
   0.0000017730   -0.0000020543    0.0000088857
   0.0000018777   -0.0000021025   -0.0000089476
   0.0000016581    0.0000000601    0.0000000075
   0.0000103190   -0.0000145854    0.0000079046
   0.0000103776    0.0000146429   -0.0000023409
  -0.0000009221   -0.0000021066    0.0000014863
   0.0000104490    0.0000151624    0.0000025627
   0.0000104692   -0.0000149560   -0.0000077302
  -0.0000010657   -0.0000020282   -0.0000014593
   0.0000017735    0.0000021706   -0.0000088991
   0.0000018784    0.0000022183    0.0000089338
   0.0000016573    0.0000000563   -0.0000000233
   0.0001168892    0.0000667143    0.0001089618
   0.0001221746    0.0000695831   -0.0001133424
   0.0000018144   -0.0000015753    0.0000001663
   0.0000104486   -0.0000025764   -0.0000150429
   0.0000104702    0.0000077169    0.0000150747
  -0.0000010655    0.0000014455    0.0000021467
   0.0000103190    0.0000079046   -0.0000145854
   0.0000103776   -0.0000023409    0.0000146429
  -0.0000009221    0.0000014863   -0.0000021065
   0.0001168897   -0.0000667268   -0.0001088436
   0.0001221759   -0.0000695939    0.0001134625
   0.0000018148    0.0000015618   -0.0000000462
   0.0000103192   -0.0000079180    0.0000147049
   0.0000103774    0.0000023274   -0.0000145234
  -0.0000009222   -0.0000014996    0.0000022250
   0.0000104490    0.0000025628    0.0000151624
   0.0000104692   -0.0000077303   -0.0000149560
  -0.0000010657   -0.0000014593   -0.0000020282
   0.0000065340   -0.0000000064    0.0000000584
   0.0000065192   -0.0000000072    0.0000000587
  -0.0000006798   -0.0000000075    0.0000000593
   0.0000017730    0.0000088856   -0.0000020543
   0.0000018777   -0.0000089474   -0.0000021024
   0.0000016581    0.0000000076    0.0000000600
   0.0000017737   -0.0000088991    0.0000021706
   0.0000018784    0.0000089339    0.0000022184
   0.0000016572   -0.0000000232    0.0000000564
  -0.0002549993   -0.0000691904   -0.0000691903
  -0.0000016721   -0.0000077063   -0.0000077062
  -0.0000015526    0.0000024901    0.0000024902
  -0.0002562781   -0.0000708450    0.0000709637
  -0.0000018721    0.0000024927   -0.0000023730
  -0.0000016896   -0.0000077376    0.0000078573
   0.0000069102    0.0000016229    0.0000001038
  -0.0000007515   -0.0000014664    0.0000089355
  -0.0000007655   -0.0000013814   -0.0000089229
  -0.0002562781    0.0000709637   -0.0000708450
  -0.0000018720   -0.0000023730    0.0000024928
  -0.0000016896    0.0000078573   -0.0000077376
  -0.0002549976    0.0000693098    0.0000693098
  -0.0000016719    0.0000078254    0.0000078254
  -0.0000015526   -0.0000023717   -0.0000023717
   0.0000069094   -0.0000015057    0.0000000163
  -0.0000007515    0.0000015825   -0.0000088176
  -0.0000007660    0.0000014975    0.0000090421
   0.0000069102    0.0000001037    0.0000016229
  -0.0000007516    0.0000089355   -0.0000014664
  -0.0000007656   -0.0000089228   -0.0000013814
   0.0000069094    0.0000000162   -0.0000015057
  -0.0000007514   -0.0000088176    0.0000015825
  -0.0000007659    0.0000090421    0.0000014975
  -0.0000666251    0.0000000593    0.0000000593
   0.0000011012    0.0000000587    0.0000000586
   0.0000010503    0.0000000578    0.0000000578
   0.0019374869    0.0012962744    0.0012962743
  -0.0000049981    0.0000176586    0.0000176586
   0.0000006372    0.0000019867    0.0000019868
  -0.0000186094    0.0000173647    0.0000210819
   0.0000086431    0.0000099930    0.0000309540
  -0.0000014977    0.0000010071   -0.0000061837
  -0.0000098418    0.0000019361   -0.0000023068
   0.0000010430    0.0000009760   -0.0000056525
   0.0000027456   -0.0000016950   -0.0000007763
  -0.0000186095    0.0000210818    0.0000173646
   0.0000086432    0.0000309540    0.0000099930
  -0.0000014977   -0.0000061838    0.0000010071
   0.0001069308    0.0000306987    0.0000306986
  -0.0000051188   -0.0000003111   -0.0000003112
  -0.0000001128    0.0000017806    0.0000017806
  -0.0000060281   -0.0000062765   -0.0000058853
   0.0000005680    0.0000018444    0.0000112722
  -0.0000014253    0.0000028757   -0.0000025848
  -0.0000098418   -0.0000023068    0.0000019360
   0.0000010430   -0.0000056526    0.0000009760
   0.0000027456   -0.0000007763   -0.0000016951
  -0.0000060281   -0.0000058852   -0.0000062765
   0.0000005681    0.0000112723    0.0000018445
  -0.0000014252   -0.0000025848    0.0000028757
   0.0000387390   -0.0000009917   -0.0000009917
  -0.0000008840   -0.0000025325   -0.0000025326
  -0.0000003265   -0.0000000068   -0.0000000068
   0.0019939163    0.0014079277   -0.0014079815
   0.0000006129    0.0000018147   -0.0000018683
  -0.0000059451    0.0000182831   -0.0000183376
  -0.0000098138    0.0000018673    0.0000021839
   0.0000028407   -0.0000015941    0.0000011497
   0.0000007690    0.0000008550    0.0000060973
  -0.0000190823    0.0000176773   -0.0000202390
  -0.0000015591    0.0000008139    0.0000063109
   0.0000076658    0.0000092213   -0.0000306129
  -0.0000190817    0.0000201851   -0.0000177297
  -0.0000015595   -0.0000063639   -0.0000008666
   0.0000076661    0.0000305603   -0.0000092736
  -0.0000061567   -0.0000062778    0.0000058733
  -0.0000015074    0.0000027618    0.0000024734
   0.0000004073    0.0000017851   -0.0000112885
   0.0001083059    0.0000307533   -0.0000308054
  -0.0000000592    0.0000018356   -0.0000018878
  -0.0000053051   -0.0000003281    0.0000002766
  -0.0000098137   -0.0000022373   -0.0000019176
   0.0000028410   -0.0000012018    0.0000015421
   0.0000007695   -0.0000061504   -0.0000009079
   0.0000388095   -0.0000010050    0.0000009531
  -0.0000003518   -0.0000000997    0.0000000480
  -0.0000008802   -0.0000025710    0.0000025190
  -0.0000061567   -0.0000059254    0.0000062246
  -0.0000015072   -0.0000025242   -0.0000028139
   0.0000004074    0.0000112365   -0.0000018375
   0.0019939163   -0.0014079815    0.0014079277
   0.0000006129   -0.0000018684    0.0000018148
  -0.0000059451   -0.0000183376    0.0000182831
  -0.0000190816   -0.0000177297    0.0000201851
  -0.0000015595   -0.0000008667   -0.0000063639
   0.0000076661   -0.0000092736    0.0000305603
  -0.0000098137   -0.0000019176   -0.0000022372
   0.0000028409    0.0000015420   -0.0000012018
   0.0000007696   -0.0000009078   -0.0000061505
  -0.0000098138    0.0000021839    0.0000018673
   0.0000028406    0.0000011496   -0.0000015942
   0.0000007689    0.0000060974    0.0000008550
  -0.0000061568    0.0000058733   -0.0000062779
  -0.0000015073    0.0000024734    0.0000027618
   0.0000004073   -0.0000112886    0.0000017851
   0.0000388094    0.0000009532   -0.0000010049
  -0.0000003518    0.0000000479   -0.0000000996
  -0.0000008803    0.0000025189   -0.0000025710
  -0.0000190823   -0.0000202389    0.0000176772
  -0.0000015591    0.0000063109    0.0000008139
   0.0000076659   -0.0000306129    0.0000092213
   0.0001083060   -0.0000308054    0.0000307533
  -0.0000000591   -0.0000018877    0.0000018356
  -0.0000053051    0.0000002767   -0.0000003282
  -0.0000061568    0.0000062247   -0.0000059254
  -0.0000015072   -0.0000028140   -0.0000025241
   0.0000004074   -0.0000018376    0.0000112364
   0.0019374865   -0.0012963275   -0.0012963275
  -0.0000049993   -0.0000177115   -0.0000177116
   0.0000006377   -0.0000020405   -0.0000020404
  -0.0000098416   -0.0000019867    0.0000022529
   0.0000010430   -0.0000010279    0.0000055992
   0.0000027466    0.0000016423    0.0000007231
  -0.0000186102   -0.0000174158   -0.0000211355
   0.0000086429   -0.0000100450   -0.0000310079
  -0.0000014988   -0.0000010594    0.0000061302
  -0.0000098415    0.0000022529   -0.0000019868
   0.0000010430    0.0000055991   -0.0000010280
   0.0000027467    0.0000007231    0.0000016423
   0.0000387402    0.0000009386    0.0000009386
  -0.0000008841    0.0000024808    0.0000024808
  -0.0000003278   -0.0000000436   -0.0000000436
  -0.0000060276    0.0000058323    0.0000062249
   0.0000005672   -0.0000113236   -0.0000018957
  -0.0000014257    0.0000025339   -0.0000029272
  -0.0000186102   -0.0000211356   -0.0000174157
   0.0000086429   -0.0000310079   -0.0000100451
  -0.0000014988    0.0000061302   -0.0000010594
  -0.0000060276    0.0000062250    0.0000058324
   0.0000005673   -0.0000018957   -0.0000113236
  -0.0000014257   -0.0000029272    0.0000025340
   0.0001069321   -0.0000307508   -0.0000307508
  -0.0000051187    0.0000002595    0.0000002595
  -0.0000001139   -0.0000018319   -0.0000018319
