# File: 1    
# 1       0.0000000000000000   0.0212132034355964   0.0212132034355964
   0.0152594970   -0.3211511680   -0.3211509706
  -0.0001435085    0.0219927829    0.0219925626
   0.0113799908   -0.0197442387    0.0106443421
  -0.0113120884    0.0108096613   -0.0195455348
   0.0113800130    0.0106444862   -0.0197438601
  -0.0113121244   -0.0195458145    0.0108093197
   0.0003059342   -0.0006210970   -0.0006213829
   0.0000312699    0.0026788739    0.0026791308
   0.0995711428    0.1295162134    0.1295162966
  -0.1128619832    0.1392801273    0.1392803750
  -0.0011770847    0.0290566899    0.0276025444
   0.0001328721   -0.0053741864   -0.0055277439
  -0.0011767593    0.0276024826    0.0290567484
   0.0001331050   -0.0055277344   -0.0053741157
  -0.0057637037    0.0002712181    0.0002708504
   0.0055534276    0.0001117032    0.0001114381
# File: 2    
# 1       0.0000000000000000   0.0212132034355964   0.0212132034355964
# 1       0.0212132034355964   0.0000000000000000   0.0212132034355964
  -0.2915830406   -0.2915827297   -0.6267860517
  -0.0205847787    0.0336068638    0.0328443006
   0.0336067970   -0.0205848979    0.0328446028
   0.0000572891    0.0000571562   -0.0395081057
   0.0222719018    0.0222722565   -0.0398731905
  -0.0113906044   -0.0196604014    0.0106000520
  -0.0196604453   -0.0113906185    0.0106002807
   0.0026097830    0.0026095731    0.0053378420
   0.2179193767    0.2179189331    0.2488250146
  -0.0845535105    0.1366868380    0.1640368889
   0.1366866519   -0.0845537894    0.1640367123
  -0.0053390476   -0.0053386054   -0.0107625801
   0.0252608553    0.0252608319    0.0583624582
   0.0002973816   -0.0110605876   -0.0052885305
  -0.0110601987    0.0002976322   -0.0052887309
   0.0054615894    0.0054615452    0.0000190373
# File: 3    
# 1       0.0000000000000000   0.0212132034355964   0.0212132034355964
# 1      -0.0212132034355964   0.0000000000000000  -0.0212132034355964
   0.3211479920   -0.3211513093   -0.0152621589
   0.0195435392    0.0108094822    0.0113098291
  -0.0106469530   -0.0197438905   -0.0113815373
  -0.0219940208    0.0219923873    0.0001410434
   0.0006183017   -0.0006204181   -0.0003083876
  -0.0108113077   -0.0195460437    0.0113100212
   0.0197416332    0.0106447890   -0.0113815434
  -0.0026802881    0.0026784234   -0.0000332596
  -0.0275996693    0.0290564843    0.0011790252
  -0.1392778498    0.1392804373    0.1128644494
  -0.1295142018    0.1295162280   -0.0995687990
   0.0055294848   -0.0053738241   -0.0001311872
  -0.0290540073    0.0276023471    0.0011792551
  -0.0001097860    0.0001116313   -0.0055511616
  -0.0002684320    0.0002711970    0.0057659419
   0.0053755648   -0.0055279210   -0.0001315307
# File: 4    
# 1       0.0000000000000000   0.0212132034355964   0.0212132034355964
# 1       0.0000000000000000   0.0212132034355964   0.0212132034355964
   0.0607208411   -0.6426014876   -0.6426016649
  -0.0007220501    0.0443086205    0.0443084152
   0.0229909857   -0.0401530893    0.0213743075
  -0.0219457866    0.0218228983   -0.0395197499
   0.0229908806    0.0213740841   -0.0401529305
  -0.0219459784   -0.0395201142    0.0218230984
   0.0006666819   -0.0008095691   -0.0008091171
  -0.0000542445    0.0053802540    0.0053807816
   0.1872139735    0.2496188279    0.2496190073
  -0.2403373464    0.2886212270    0.2886209806
  -0.0048202193    0.0596873740    0.0538779242
   0.0002337070   -0.0110185746   -0.0108857018
  -0.0048204390    0.0538784701    0.0596875130
   0.0002335625   -0.0108857049   -0.0110189043
  -0.0112282566    0.0004024542    0.0004019167
   0.0108236885   -0.0001056704   -0.0001058760
# File: 5    
# 1       0.0000000000000000   0.0212132034355964   0.0212132034355964
# 1       0.0000000000000000  -0.0212132034355964  -0.0212132034355964
  -0.0000009817   -0.0000010866   -0.0000009461
  -0.0000011520   -0.0000011030   -0.0000008045
  -0.0000007949   -0.0000010568   -0.0000011266
  -0.0000012082   -0.0000009346   -0.0000009749
  -0.0000010495   -0.0000012892   -0.0000008955
  -0.0000009783   -0.0000008938   -0.0000008970
  -0.0000009122   -0.0000009450   -0.0000008995
  -0.0000012319   -0.0000008810   -0.0000009456
   0.0000009389    0.0000011451    0.0000009151
   0.0000008838    0.0000008739    0.0000010327
   0.0000010387    0.0000008733    0.0000009832
   0.0000011150    0.0000010373    0.0000012024
   0.0000010752    0.0000011923    0.0000008589
   0.0000012799    0.0000010706    0.0000007773
   0.0000009165    0.0000010127    0.0000008509
   0.0000010604    0.0000009847    0.0000008692
# File: 6    
# 1       0.0000000000000000   0.0212132034355964   0.0212132034355964
# 2       0.0212132034355964   0.0000000000000000   0.0212132034355964
  -0.0044402241   -0.3100170076   -0.3107578808
  -0.3212101194    0.0374366189   -0.2989613081
   0.0222010128   -0.0310420799   -0.0088687506
   0.0106888251    0.0106588417    0.0024880627
   0.0107435931    0.0109703898   -0.0203686089
  -0.0006260423   -0.0081391239   -0.0089489508
   0.0029892438   -0.0005984946    0.0020482276
  -0.0195103535   -0.0086369735    0.0134825588
   0.1285483433    0.1283388019    0.1571188100
   0.0164916090    0.2388521853    0.2687864437
  -0.0065360180    0.0291870879    0.0220764662
   0.1394296406   -0.1182149320    0.1337854165
  -0.0008960205    0.0218301101    0.0293171135
   0.0277477410   -0.0066981645    0.0236783541
  -0.0056534328    0.0058287134    0.0003825742
   0.0000322018    0.0002440270   -0.0052585282
# File: 7    
# 1       0.0000000000000000   0.0212132034355964   0.0212132034355964
# 2      -0.0212132034355964   0.0000000000000000  -0.0212132034355964
   0.0347404871   -0.3320822726   -0.3315779932
   0.3208050246    0.0370081784    0.3428702513
   0.0007546812   -0.0084004117    0.0303765425
  -0.0333207347    0.0106573554   -0.0415829168
   0.0120404432    0.0109503270   -0.0191343900
  -0.0221772465   -0.0308731900    0.0303594262
  -0.0023940173   -0.0005774718   -0.0032898973
   0.0197444433    0.0140571888   -0.0079641111
   0.0721225528    0.1283217490    0.1004352211
  -0.2519424272    0.0264007338   -0.0000080704
   0.0043455191    0.0291557520    0.0329753279
  -0.1293809310    0.0941672334   -0.1350510424
  -0.0012914452    0.0331633781    0.0289370735
  -0.0289290207   -0.0066944813   -0.0329837327
  -0.0060382115   -0.0054979528   -0.0000001670
   0.0109208828    0.0002438843    0.0056384786
# File: 8    
# 1       0.0000000000000000   0.0212132034355964   0.0212132034355964
# 2       0.0000000000000000   0.0212132034355964   0.0212132034355964
   0.0152286518   -0.2990938262   -0.2990938072
   0.0152286883   -0.2990938259   -0.2990938078
   0.0000847327   -0.0089732756   -0.0088815229
   0.0000847184   -0.0089733128   -0.0088815236
   0.0000846852   -0.0088815124   -0.0089732501
   0.0000846720   -0.0088815053   -0.0089733284
   0.0003503419    0.0020599161    0.0020599938
   0.0003503982    0.0020599631    0.0020599379
  -0.0135140580    0.2687536693    0.2687536858
  -0.0135141225    0.2687537025    0.2687537470
  -0.0010158151    0.0236702675    0.0220827302
  -0.0010158974    0.0236702898    0.0220827764
  -0.0010158034    0.0220827845    0.0236702057
  -0.0010157867    0.0220827585    0.0236702310
  -0.0002026923    0.0003819592    0.0003819492
  -0.0002027130    0.0003819478    0.0003819828
# File: 9    
# 1       0.0000000000000000   0.0212132034355964   0.0212132034355964
# 2       0.0000000000000000  -0.0212132034355964  -0.0212132034355964
   0.0149287171   -0.3429703545   -0.3429700900
   0.0149287562    0.3429681098    0.3429679646
   0.0227803040   -0.0303897212    0.0303872615
  -0.0226749493    0.0303797805   -0.0303822354
   0.0227803521    0.0303875285   -0.0303893840
  -0.0226751636   -0.0303824909    0.0303794933
   0.0002987019   -0.0033014436   -0.0033016603
   0.0002986595    0.0032990959    0.0032990538
   0.1994635788    0.0000009759    0.0000010445
  -0.2254429983    0.0000010679    0.0000011479
  -0.0010609760    0.0345588272    0.0329786521
  -0.0010607669   -0.0329762889   -0.0345558360
  -0.0010608228    0.0329785801    0.0345587402
  -0.0010604463   -0.0345558816   -0.0329761904
  -0.0115440948    0.0000010644    0.0000009115
   0.0111011485    0.0000011505    0.0000011269
# File: 10   
# 1       0.0000000000000000   0.0212132034355964   0.0212132034355964
# 3       0.0000000000000000   0.0212132034355964   0.0212132034355964
   0.0268075451   -0.3407067497   -0.3107684189
  -0.0114029097    0.0327111501    0.0024506185
   0.0268076233   -0.3407069706   -0.3107681028
  -0.0114031774    0.0327108766    0.0024505038
   0.0117240901    0.0100121394   -0.0203831535
  -0.0112724324   -0.0167894053    0.0134654199
   0.0117244389    0.0100119417   -0.0203834112
  -0.0112716459   -0.0167890272    0.0134656546
   0.0982403917    0.1586069618    0.1572866509
  -0.1128171981    0.1337253416    0.1338656195
   0.0982407530    0.1586067323    0.1572873416
  -0.1128175573    0.1337252211    0.1338657383
  -0.0069597382    0.0278754839    0.0293361187
   0.0056797288   -0.0054343936   -0.0052534276
  -0.0069594615    0.0278752642    0.0293363152
   0.0056795496   -0.0054345663   -0.0052534671
# File: 11   
# 1       0.0000000000000000   0.0212132034355964   0.0212132034355964
# 3       0.0000000000000000  -0.0212132034355964  -0.0212132034355964
   0.0041758774   -0.3016067538   -0.3317748142
   0.0113844317    0.0113590240    0.0418947748
   0.0263448326    0.3013084977    0.3319347031
  -0.0116338913   -0.0112280400   -0.0417522282
   0.0115130164    0.0113145394   -0.0193279168
  -0.0112691261   -0.0222448372    0.0081279465
  -0.0108273792   -0.0114182061    0.0190900317
   0.0114186775    0.0223963276   -0.0079616880
   0.0985452611    0.1019870069    0.1002823936
  -0.1129323325    0.1446679167    0.1447858752
  -0.1139010818   -0.1101506896   -0.1118694231
   0.0997503316   -0.1349356128   -0.1351018002
   0.0042431925    0.0276283450    0.0290659602
  -0.0056459234   -0.0058072124   -0.0056333221
  -0.0068355352   -0.0287516455   -0.0274134432
   0.0056696487    0.0054813402    0.0056529505
# File: 12   
# 1       0.0000000000000000   0.0212132034355964   0.0212132034355964
# 3       0.0212132034355964   0.0000000000000000   0.0212132034355964
   0.0374367371   -0.3212101694   -0.2989610185
   0.0106584318    0.0106888859    0.0024875650
  -0.3100169071   -0.0044401304   -0.3107578060
  -0.0310419584    0.0222012771   -0.0088681241
  -0.0081392570   -0.0006259286   -0.0089490273
  -0.0086370245   -0.0195101703    0.0134829392
   0.0109704120    0.0107435874   -0.0203684303
  -0.0005986174    0.0029892372    0.0020483284
   0.2388521177    0.0164916011    0.2687862778
  -0.1182145232    0.1394301024    0.1337851007
   0.1283387781    0.1285482308    0.1571185674
   0.0291871334   -0.0065364475    0.0220762613
  -0.0066982936    0.0277477698    0.0236781655
   0.0002439140    0.0000318128   -0.0052585180
   0.0218302035   -0.0008959854    0.0293173115
   0.0058288536   -0.0056536729    0.0003824074
# File: 13   
# 1       0.0000000000000000   0.0212132034355964   0.0212132034355964
# 3      -0.0212132034355964   0.0000000000000000  -0.0212132034355964
  -0.0066743470   -0.3213106384   -0.3430608970
  -0.0108083891    0.0333920577    0.0417138669
   0.3325826916   -0.0046370302    0.3318498431
   0.0082191401   -0.0005504831   -0.0303845166
   0.0311172018    0.0220240466   -0.0304047043
  -0.0139927534   -0.0195332917    0.0081264140
  -0.0105209692   -0.0119458198    0.0189253016
   0.0006639659    0.0029583696    0.0033118644
  -0.0299699628    0.2292934381   -0.0000204434
  -0.1073879724    0.1394005326    0.1446202311
  -0.1404630452   -0.0837047063   -0.1117001443
  -0.0274682269   -0.0065575284   -0.0345702425
   0.0041924570    0.0277297843    0.0345621673
  -0.0001364428   -0.0113081882   -0.0056483077
  -0.0347924591   -0.0009193135   -0.0273224900
   0.0054391115    0.0056687705    0.0000020573
# File: 14   
# 1       0.0000000000000000   0.0212132034355964   0.0212132034355964
# 3       0.0212132034355964   0.0212132034355964   0.0000000000000000
   0.0258331232   -0.3407360577   -0.3097939478
  -0.0007576064    0.0213480094    0.0223358651
  -0.3097938631   -0.3407362220    0.0258330239
  -0.0310538794    0.0214622674   -0.0081407517
  -0.0081401955    0.0214615142   -0.0310530180
  -0.0086317829   -0.0168743392    0.0108222213
   0.0223355067    0.0213481354   -0.0007575846
   0.0108211387   -0.0168736125   -0.0086316655
   0.1271879508    0.1584575659    0.1283449477
  -0.1125842015    0.1395544776    0.1335285611
   0.1283457109    0.1584575467    0.1271881265
   0.0292077460    0.0222014672   -0.0067245299
  -0.0067245081    0.0222014483    0.0292074697
   0.0002439476   -0.0054133260    0.0001823249
   0.1335285993    0.1395544364   -0.1125849783
   0.0001823138   -0.0054133110    0.0002439356
# File: 15   
# 1       0.0000000000000000   0.0212132034355964   0.0212132034355964
# 3      -0.0212132034355964  -0.0212132034355964   0.0000000000000000
   0.0046739689   -0.3018023578   -0.3322910711
   0.0004497256    0.0226547712    0.0222839447
   0.3324186146    0.3011213673    0.0258745099
   0.0082307134   -0.0000270039   -0.0308624998
   0.0311223091    0.0000235646   -0.0083956160
  -0.0139960418   -0.0222349715    0.0108572062
  -0.0217092945   -0.0226047727   -0.0007786156
  -0.0105989993    0.0224098119    0.0140563967
   0.0704897405    0.1021250692    0.1283256237
  -0.1130067505    0.1391665055    0.1448216780
  -0.1404733083   -0.1100138186   -0.0852853363
  -0.0274847198   -0.0344057908   -0.0066803846
   0.0042054973    0.0331578744    0.0291486841
  -0.0001365123   -0.0058053942   -0.0111427823
  -0.1352641482   -0.1292499640    0.0998249186
   0.0110792052    0.0054851095    0.0002433439
# File: 16   
# 1       0.0000000000000000   0.0212132034355964   0.0212132034355964
# 4       0.0000000000000000   0.0212132034355964   0.0212132034355964
   0.0040880746   -0.3100529400   -0.3408724414
   0.0112967249    0.0022672312    0.0327486954
   0.0112966587    0.0022672819    0.0327487883
   0.0040880775   -0.3100530570   -0.3408723475
   0.0114181182    0.0133426581   -0.0171460248
  -0.0109667397   -0.0201512376    0.0102083787
  -0.0109667053   -0.0201512255    0.0102084410
   0.0114182115    0.0133425155   -0.0171461128
   0.0996209140    0.1240225347    0.1241710705
  -0.1141813850    0.1681381911    0.1668117080
  -0.1141814041    0.1681382793    0.1668117389
   0.0996208991    0.1240223910    0.1241709499
   0.0043601812    0.0277006264    0.0291664923
  -0.0056359057   -0.0052670470   -0.0050878342
  -0.0056360093   -0.0052669832   -0.0050878275
   0.0043602894    0.0277007812    0.0291663253
# File: 17   
# 1       0.0000000000000000   0.0212132034355964   0.0212132034355964
# 4       0.0000000000000000  -0.0212132034355964  -0.0212132034355964
   0.0263442055   -0.3319366695   -0.3013107170
  -0.0116339167    0.0417502403    0.0112259562
   0.0113849126   -0.0418966954   -0.0113611561
   0.0041766963    0.3317729549    0.3016038771
   0.0114192618    0.0079600225   -0.0223991826
  -0.0108271367   -0.0190921530    0.0114149437
   0.0115131042    0.0193253270   -0.0113174225
  -0.0112692790   -0.0081296266    0.0222421383
   0.0997500075    0.1351034904    0.1349381931
  -0.1139012729    0.1118707745    0.1101530448
   0.0985448220   -0.1002797941   -0.1019840845
  -0.1129324935   -0.1447838662   -0.1446655482
  -0.0068357899    0.0274157961    0.0287545337
   0.0056699090   -0.0056510496   -0.0054787857
  -0.0056460853    0.0056349492    0.0058094908
   0.0042430551   -0.0290637005   -0.0276252811
# File: 18   
# 1       0.0000000000000000   0.0212132034355964   0.0212132034355964
# 4       0.0212132034355964   0.0000000000000000   0.0212132034355964
   0.0260368501   -0.3319897664   -0.3407972776
   0.0219081473    0.0219078897    0.0440988632
  -0.0083212075   -0.0083210227    0.0213953462
  -0.3319896687    0.0260368767   -0.3407974046
   0.0140698739    0.0106897984   -0.0171363100
  -0.0308469604   -0.0308470127    0.0216746722
  -0.0002982584   -0.0002983278   -0.0012508729
   0.0106898691    0.0140699815   -0.0171363130
   0.0940885322    0.1295577637    0.1241800010
   0.0262401049    0.0262400108    0.2783268413
   0.0277136913    0.0277138914    0.0550743787
   0.1295577175    0.0940885002    0.1241798748
  -0.0010853447    0.0331402540    0.0291767308
  -0.0054008117   -0.0054008102   -0.0107250628
  -0.0055027211   -0.0055026753    0.0005598253
   0.0331401863   -0.0010853512    0.0291767075
# File: 19   
# 1       0.0000000000000000   0.0212132034355964   0.0212132034355964
# 4      -0.0212132034355964   0.0000000000000000  -0.0212132034355964
   0.0045206517   -0.3101426423   -0.3014161824
  -0.0223232826    0.0220028916    0.0000158506
   0.0310981601   -0.0312337073   -0.0001631207
   0.3096991877    0.0262681781    0.3016013844
   0.0087084134    0.0106725774   -0.0224150327
   0.0086386845   -0.0083185185    0.0001055388
   0.0007714770   -0.0001124264   -0.0000203877
  -0.0107783656   -0.0086188754    0.0222356923
   0.1051687196    0.1296912269    0.1349340413
  -0.2421963492    0.2390263448    0.0098386703
  -0.0286071486    0.0280136156   -0.0014594502
  -0.1393232875   -0.1183922623   -0.1446804166
  -0.0013424768    0.0219240540    0.0287392514
   0.0054931409   -0.0054108202    0.0001509796
  -0.0058875886    0.0058122207    0.0001694714
  -0.0236399359   -0.0011818566   -0.0276362899
# File: 20   
# 1       0.0000000000000000   0.0212132034355964   0.0212132034355964
# 4       0.0212132034355964   0.0212132034355964   0.0000000000000000
   0.0148676009   -0.3215306550   -0.3208769657
   0.0105494010    0.0022971572    0.0334486119
  -0.0083096526   -0.0090711415    0.0221318565
  -0.3322568376   -0.3101448938   -0.0043202996
   0.0140643779    0.0133253106   -0.0197982347
  -0.0308392884   -0.0087192312   -0.0004824990
   0.0111169983   -0.0201360121   -0.0119415418
   0.0220453031    0.0246964605    0.0024473445
   0.0997506976    0.1296883312    0.1239430664
  -0.0854341625    0.1681627312    0.1379426596
   0.0277162665    0.0564895422    0.0262656409
   0.1295397306    0.1240107275    0.0942028005
  -0.0010655791    0.0277212926    0.0345794446
  -0.0053996649   -0.0109089977   -0.0052202745
  -0.0111482654   -0.0052658778    0.0004239404
   0.1448030745    0.1393852560   -0.1127455500
# File: 21   
# 1       0.0000000000000000   0.0212132034355964   0.0212132034355964
# 4      -0.0212132034355964  -0.0212132034355964   0.0000000000000000
   0.0155383005   -0.3208527551   -0.3212435940
  -0.0111248466    0.0417183874    0.0107421975
   0.0310935678   -0.0307162360   -0.0006407674
   0.3098521766    0.3319579358   -0.0046872323
   0.0087009741    0.0079639577   -0.0197737717
   0.0085804283   -0.0303997950    0.0222412878
  -0.0105266344    0.0192637705    0.0108336326
  -0.0219737321   -0.0193250777    0.0024800591
   0.0995046640    0.1294633484    0.1351096470
  -0.1417383750    0.1118659844    0.1382106713
  -0.0286100068    0.0001589387    0.0265372055
  -0.1393045158   -0.1447860760   -0.1182198252
  -0.0012727283    0.0274927414    0.0234735291
   0.0055030629   -0.0000041260   -0.0052151709
  -0.0002363760    0.0056449118    0.0004281880
  -0.1239859593   -0.1294459102    0.0997239436
# File: 22   
# 1       0.0000000000000000   0.0212132034355964   0.0212132034355964
# 7       0.0212132034355964   0.0000000000000000   0.0212132034355964
  -0.0043203881   -0.3322574331   -0.3101454253
   0.0024475022    0.0220461806    0.0246961357
   0.0221316405   -0.0083099420   -0.0090706109
  -0.0119414544    0.0111169376   -0.0201361164
   0.0334486042    0.0105500646    0.0022974296
  -0.0004823150   -0.0308393571   -0.0087194197
  -0.3208773164    0.0148676680   -0.3215306542
  -0.0197978586    0.0140637945    0.0133250426
   0.0942034635    0.1295395751    0.1240110102
  -0.1127459334    0.1448030197    0.1393859817
   0.0262654706    0.0277163246    0.0564891283
   0.0004236942   -0.0111482381   -0.0052658359
   0.1379426788   -0.0854349175    0.1681624432
  -0.0052207069   -0.0054000030   -0.0109085789
   0.1239436364    0.0997513012    0.1296882363
   0.0345792825   -0.0010649748    0.0277212335
# File: 23   
# 1       0.0000000000000000   0.0212132034355964   0.0212132034355964
# 7      -0.0212132034355964   0.0000000000000000  -0.0212132034355964
   0.0345774055   -0.3100193587   -0.3320395899
  -0.0028845735    0.0220042848    0.0192928514
   0.0006019500   -0.0312333163    0.0303893985
  -0.0106097392    0.0112876500   -0.0191447460
  -0.0105627719    0.0106756119   -0.0419170767
  -0.0219083828   -0.0083675790    0.0307015229
   0.3210531282    0.0145893073    0.3204515419
   0.0195154701   -0.0086293983   -0.0081237360
   0.1050152619    0.1296963086    0.1351203877
  -0.1129676342    0.1337010299    0.1391713114
  -0.0301167353    0.0280219187    0.0001721495
   0.0000472124    0.0001777716   -0.0056397389
  -0.1305753094    0.1273501322   -0.1002915664
   0.0056832509   -0.0053991297   -0.0000035861
  -0.1448866553   -0.1127514119   -0.1391485415
  -0.0219818773   -0.0011038210   -0.0289905817
# File: 24   
# 1       0.0000000000000000   0.0212132034355964   0.0212132034355964
# 7       0.0000000000000000   0.0212132034355964   0.0212132034355964
   0.0154984453   -0.3217672151   -0.3217674511
  -0.0002882756    0.0246688216    0.0246690102
   0.0228582164   -0.0090697937   -0.0090700028
  -0.0225369721   -0.0087604375   -0.0087603216
   0.0228581129   -0.0090698535   -0.0090701356
  -0.0225366836   -0.0087604026   -0.0087604974
   0.0154982440   -0.3217671875   -0.3217673813
  -0.0002883219    0.0246689441    0.0246688633
   0.0939764892    0.1296860686    0.1296862446
  -0.1071477027    0.1394930965    0.1394932542
  -0.0026667314    0.0566509437    0.0566510887
   0.0003063640   -0.0109017312   -0.0109017138
  -0.0026667403    0.0566510449    0.0566511763
   0.0003063257   -0.0109015652   -0.0109017325
   0.0939766085    0.1296859539    0.1296862441
  -0.1071473783    0.1394933130    0.1394933545
# File: 25   
# 1       0.0000000000000000   0.0212132034355964   0.0212132034355964
# 7       0.0000000000000000  -0.0212132034355964  -0.0212132034355964
   0.0149441918   -0.3206728595   -0.3206723495
  -0.0001567683    0.0193143266    0.0193141704
   0.0001311260   -0.0307149118    0.0303814655
   0.0001311120    0.0307123607   -0.0303840394
   0.0001312501    0.0303818075   -0.0307148468
   0.0001310087   -0.0303844100    0.0307121971
   0.0149455008    0.3206700188    0.3206701504
  -0.0001563290   -0.0193165763   -0.0193160079
   0.1051901662    0.1294498253    0.1294499009
  -0.1184411222    0.1391646702    0.1391646707
  -0.0020910610    0.0000015743    0.0000015267
   0.0002918553    0.0000012131    0.0000014058
  -0.0020911620    0.0000017051    0.0000012059
   0.0002919565    0.0000015622    0.0000010779
  -0.1184416208   -0.1391628674   -0.1391627646
   0.1051898959   -0.1294474387   -0.1294477630
# File: 26   
# 1       0.0000000000000000   0.0212132034355964   0.0212132034355964
# 8       0.0212132034355964   0.0000000000000000   0.0212132034355964
   0.0178987903   -0.3211620759   -0.3185125167
  -0.0196867985    0.0106904403    0.0328111310
   0.0107500432   -0.0194375394    0.0100130848
  -0.0006582294    0.0221810050   -0.0392887771
   0.0221807842   -0.0006582603   -0.0392885803
   0.0106903764   -0.0196868887    0.0328114412
  -0.0194376880    0.0107501189    0.0100132737
  -0.3211620514    0.0178988175   -0.3185125398
   0.0996862648    0.1350604795    0.1296363822
  -0.1183782086    0.1394254377    0.1339025171
  -0.0008938087    0.0233156699    0.0278816095
   0.0277475125   -0.0065386266    0.0235564385
  -0.0065383711    0.0277476305    0.0235562758
   0.1394250548   -0.1183785245    0.1339024332
   0.0233157466   -0.0008940012    0.0278814388
   0.1350605830    0.0996863172    0.1296363883
# File: 27   
# 1       0.0000000000000000   0.0212132034355964   0.0212132034355964
# 8      -0.0212132034355964   0.0000000000000000  -0.0212132034355964
   0.0126146687   -0.3210838297   -0.3238163247
   0.0195915731    0.0333662506    0.0113410739
   0.0120199193   -0.0194439821    0.0112826255
  -0.0221439135   -0.0004968466   -0.0000073113
   0.0007548408    0.0220203372   -0.0000073014
  -0.0333221853   -0.0196924801   -0.0111977741
   0.0198460415   -0.0119246606   -0.0114189045
   0.3212211431    0.0179789757    0.3238776355
   0.0992997088    0.1237671152    0.1292467874
  -0.1075009582    0.1394062733    0.1448186491
  -0.0012920292    0.0345812280    0.0274880486
  -0.0289289889   -0.0065587746   -0.0331619162
   0.0043453546    0.0277266265    0.0343994661
  -0.1293890458    0.0940260121   -0.1348784921
  -0.0333963806   -0.0009153373   -0.0287888975
  -0.1337197485   -0.1127569076   -0.1391773640
# File: 28   
# 1       0.0000000000000000   0.0212132034355964   0.0212132034355964
# 8       0.0000000000000000   0.0212132034355964   0.0212132034355964
   0.0152175545   -0.3184817266   -0.3184817374
   0.0001499721    0.0213745235    0.0213745830
   0.0000629682   -0.0392809846    0.0214587144
   0.0000629870    0.0214588833   -0.0392808746
   0.0000630494    0.0214587066   -0.0392808516
   0.0000629937   -0.0392808652    0.0214587780
   0.0001499402    0.0213745852    0.0213747076
   0.0152177439   -0.3184816190   -0.3184817130
   0.1051355015    0.1296227677    0.1296228077
  -0.1186045998    0.1395501272    0.1395500818
  -0.0010121724    0.0235394234    0.0222168330
  -0.0010122741    0.0222168932    0.0235395719
  -0.0010122434    0.0222169372    0.0235394375
  -0.0010122801    0.0235394430    0.0222168690
  -0.1186046129    0.1395502635    0.1395500693
   0.1051354721    0.1296226417    0.1296227234
# File: 29   
# 1       0.0000000000000000   0.0212132034355964   0.0212132034355964
# 8       0.0000000000000000  -0.0212132034355964  -0.0212132034355964
   0.0153652388   -0.3238488728   -0.3238490063
   0.0001492170    0.0226176578    0.0226175438
   0.0227743479   -0.0000011080   -0.0000010817
  -0.0226345627   -0.0000012679   -0.0000014921
   0.0227742155   -0.0000010626   -0.0000011713
  -0.0226347594   -0.0000014742   -0.0000013130
   0.0001489845   -0.0226201042   -0.0226199790
   0.0153656690    0.3238467142    0.3238468433
   0.0937898182    0.1292541361    0.1292540993
  -0.1073276505    0.1391709076    0.1391708069
  -0.0010580991    0.0344097041    0.0331575906
  -0.0010580569   -0.0344070376   -0.0331550514
  -0.0010581311    0.0331575137    0.0344096671
  -0.0010580877   -0.0331549439   -0.0344068839
   0.0937898270   -0.1292518331   -0.1292517037
  -0.1073279705   -0.1391689292   -0.1391688687
# File: 30   
# 1       0.0000000000000000   0.0212132034355964   0.0212132034355964
# 9       0.0212132034355964   0.0000000000000000   0.0212132034355964
   0.1423450012   -0.2205821574   -0.1926710296
   0.0275126426    0.0230092075    0.0509091682
   0.1409332290   -0.1192911090    0.1401913054
  -0.0168633849    0.0106842246   -0.0249221232
   0.0403894086    0.0117231969    0.0077725414
  -0.0112035187   -0.0250855595    0.0109181998
  -0.0050933328   -0.0007537945   -0.0061830469
   0.0002963290    0.0084440717    0.0029654072
  -0.2095715974    0.1267045382   -0.1808474795
  -0.1324255250    0.1506008514    0.1500749757
   0.0209656268    0.0291407720    0.0497311679
   0.0107645854   -0.0167370619   -0.0252782417
   0.0097258911    0.0389802769    0.0096025527
  -0.0004889308   -0.0058121692   -0.0059617917
  -0.0255217406   -0.0111072283    0.0109237760
   0.0082353165    0.0000819405    0.0027746183
# File: 31   
# 1       0.0000000000000000   0.0212132034355964   0.0212132034355964
# 9      -0.0212132034355964   0.0000000000000000  -0.0212132034355964
  -0.1028039845   -0.4094250037   -0.4403521962
  -0.0292389451    0.0233412935   -0.0054593776
  -0.1278860451    0.0931009606   -0.1286360450
  -0.0059202881    0.0106670477   -0.0140069867
  -0.0161606320    0.0119230258   -0.0486907311
  -0.0115786498   -0.0137888127    0.0105393163
   0.0058668704   -0.0007450549    0.0047828209
  -0.0000864686   -0.0028820199    0.0025411998
   0.4094249108    0.1028042012    0.4403523521
  -0.0931008337    0.1278860218    0.1286357596
  -0.0233414170    0.0292393913    0.0054593100
  -0.0106670205    0.0059202830    0.0140069230
  -0.0119230241    0.0161605034    0.0486908928
   0.0007450835   -0.0058668327   -0.0047828976
   0.0137885489    0.0115784779   -0.0105392031
   0.0028818949    0.0000865178   -0.0025411371
# File: 32   
# 1       0.0000000000000000   0.0212132034355964   0.0212132034355964
# 9       0.0000000000000000   0.0212132034355964   0.0212132034355964
   0.1146780673   -0.1916061338   -0.1916062893
  -0.0996786203    0.1515263851    0.1515260885
   0.0123254134    0.0079394349    0.0397805167
  -0.0114280145    0.0052488565   -0.0249115755
   0.0123253418    0.0397804617    0.0079392164
  -0.0114279244   -0.0249114783    0.0052485546
  -0.0052651753   -0.0005085283   -0.0005088659
   0.0057952588    0.0029505826    0.0029504637
   0.0977375080   -0.1819605980   -0.1819599975
  -0.1127546159    0.1612872713    0.1612876772
   0.0103735449    0.0094460032    0.0383392086
  -0.0112641651    0.0053052076   -0.0252758508
   0.0103738257    0.0383392863    0.0094466172
  -0.0112639668   -0.0252760811    0.0053051659
  -0.0060483464   -0.0003515865   -0.0003519135
   0.0055218689    0.0027909169    0.0027909838
# File: 33   
# 1       0.0000000000000000   0.0212132034355964   0.0212132034355964
# 9       0.0000000000000000  -0.0212132034355964  -0.0212132034355964
  -0.0719842260   -0.4411151738   -0.4411148050
   0.1126840560   -0.1172044372   -0.1172043014
   0.0128002148   -0.0488448149   -0.0170259122
  -0.0114627336    0.0162023579   -0.0140013646
   0.0128001912   -0.0170259341   -0.0488446424
  -0.0114628452   -0.0140013825    0.0162023011
   0.0060864233   -0.0008867113   -0.0008868498
  -0.0055261067    0.0025604286    0.0025602353
   0.0719842402    0.4411151319    0.4411147486
  -0.1126840179    0.1172044328    0.1172042474
  -0.0128001888    0.0488448349    0.0170258814
   0.0114627371   -0.0162023518    0.0140014435
  -0.0128001769    0.0170259047    0.0488446233
   0.0114627684    0.0140013707   -0.0162022170
  -0.0060864429    0.0008867342    0.0008868604
   0.0055261070   -0.0025603898   -0.0025602488
# File: 34   
# 1       0.0000000000000000   0.0212132034355964   0.0212132034355964
# 10      0.0212132034355964   0.0000000000000000   0.0212132034355964
   0.0415712930   -0.3210562121   -0.2946983820
   0.1391148949    0.1347156070    0.1611097583
   0.0058840722   -0.0198715314    0.0053154601
   0.1179458572   -0.0888181186    0.1099221883
   0.0115106484    0.0051240923   -0.0196317386
   0.0175579350   -0.0185233601    0.0382332437
   0.0005759157    0.0051034074   -0.0003575742
  -0.0053418993    0.0025644216   -0.0028482753
   0.0800187213    0.1408028669    0.1403248472
  -0.4325493586    0.1251048985   -0.1791116740
   0.0095574318    0.0178800369    0.0078815363
   0.0221195398   -0.0052271707    0.0164509302
  -0.0016527332    0.0274618507    0.0285760485
   0.0109273884    0.0057752666   -0.0248875997
  -0.0030837545    0.0002237073    0.0029533906
  -0.0141559520   -0.0112597623    0.0107678407
# File: 35   
# 1       0.0000000000000000   0.0212132034355964   0.0212132034355964
# 10     -0.0212132034355964   0.0000000000000000  -0.0212132034355964
  -0.0128583715   -0.3184989801   -0.3458769505
  -0.1296030953   -0.0774294616   -0.1073444492
   0.0167167302   -0.0198785554    0.0161230430
  -0.1503275340    0.1237207304   -0.1587479117
   0.0110902819    0.0163732830   -0.0200284738
  -0.0387353915   -0.0181904056   -0.0180714396
   0.0001983043   -0.0061403468   -0.0007329724
   0.0055509388    0.0025278448    0.0080495780
   0.1193190345    0.1181361134    0.1188613223
   0.2071489631    0.1225788071    0.4573931802
  -0.0120763660    0.0401512178    0.0471106726
  -0.0218543200   -0.0052376719   -0.0275100277
  -0.0006993474    0.0271126257    0.0295424709
  -0.0104928394   -0.0169056738    0.0143465042
  -0.0084410738    0.0002590701   -0.0024089846
   0.0250640861    0.0114214031   -0.0107055616
# File: 36   
# 1       0.0000000000000000   0.0212132034355964   0.0212132034355964
# 10      0.0000000000000000   0.0212132034355964   0.0212132034355964
  -0.0977384048   -0.1819623776   -0.1819623570
   0.1127553003    0.1612849491    0.1612848924
   0.0112637387   -0.0252777292    0.0053033041
  -0.0103732573    0.0383359905    0.0094429453
   0.0112641114    0.0053032617   -0.0252778180
  -0.0103730652    0.0094431989    0.0383359355
   0.0060477043   -0.0003543795   -0.0003543910
  -0.0055222894    0.0027887717    0.0027884316
   0.0996787034    0.1515280421    0.1515283725
  -0.1146788986   -0.1916039969   -0.1916035771
  -0.0123252534    0.0397834431    0.0079425403
   0.0114280941   -0.0249094172    0.0052508847
  -0.0123252343    0.0079424696    0.0397834103
   0.0114280970    0.0052507596   -0.0249092956
  -0.0057950203    0.0029527957    0.0029524980
   0.0052656740   -0.0005057819   -0.0005057761
# File: 37   
# 1       0.0000000000000000   0.0212132034355964   0.0212132034355964
# 10      0.0000000000000000  -0.0212132034355964  -0.0212132034355964
   0.1427533662   -0.4704179484   -0.4704175032
  -0.0997052007   -0.1074776839   -0.1074776091
   0.0112312012   -0.0143694733    0.0161303359
  -0.0099000372   -0.0181569847   -0.0470446731
   0.0112320139    0.0161306646   -0.0143694207
  -0.0098992433   -0.0470445907   -0.0181571903
  -0.0052202121   -0.0007351600   -0.0007358684
   0.0057832480    0.0024154552    0.0024149116
   0.0997052148    0.1074776655    0.1074775945
  -0.1427532937    0.4704178875    0.4704174752
   0.0099000126    0.0181570163    0.0470446537
  -0.0112312058    0.0143695193   -0.0161303141
   0.0098991598    0.0470445691    0.0181572215
  -0.0112319693   -0.0161306670    0.0143694573
  -0.0057832498   -0.0024154276   -0.0024149113
   0.0052201955    0.0007351581    0.0007358405
# File: 38   
# 1       0.0000000000000000   0.0212132034355964   0.0212132034355964
# 11      0.0000000000000000   0.0212132034355964   0.0212132034355964
   0.0142587300   -0.2922422201   -0.2934496235
  -0.0002719560    0.0164437760    0.0166352761
   0.1240530310    0.1195827317    0.1500313705
  -0.1110732369    0.1402287453    0.1099523596
   0.0058280953    0.0107690425   -0.0196282316
  -0.0055576676   -0.0192761575    0.0110607989
   0.0011549807    0.0284228742    0.0269935661
  -0.0000658707   -0.0026924983   -0.0028503072
   0.1110731787    0.1099551535    0.1402307436
  -0.1240523251    0.1500341030    0.1195838707
  -0.0142586615   -0.2934469901   -0.2922399327
   0.0002723710    0.0166374097    0.0164459298
  -0.0011556712    0.0269969085    0.0284262861
   0.0000649770   -0.0028485245   -0.0026908137
   0.0055575990    0.0110620460   -0.0192734744
  -0.0058275738   -0.0196264000    0.0107721818
# File: 39   
# 1       0.0000000000000000   0.0212132034355964   0.0212132034355964
# 11      0.0000000000000000  -0.0212132034355964  -0.0212132034355964
   0.0186583734   -0.3515549399   -0.3474279481
  -0.0002709930    0.0273723637    0.0275144440
  -0.0879912125   -0.1492760783   -0.1189529592
   0.1017165113   -0.1283477443   -0.1587746836
   0.0171447403    0.0103514488   -0.0200238023
  -0.0168632319   -0.0196455294    0.0107263407
   0.0018101673   -0.0282221419   -0.0296936171
  -0.0001416405    0.0082041405    0.0080529467
   0.0879913171    0.1492761414    0.1189528286
  -0.1017165521    0.1283478527    0.1587746996
  -0.0186583625    0.3515548443    0.3474278978
   0.0002709661   -0.0273723008   -0.0275144229
  -0.0018102980    0.0282221522    0.0296936114
   0.0001416549   -0.0082040995   -0.0080528906
  -0.0171447079   -0.0103515527    0.0200238796
   0.0168632681    0.0196454432   -0.0107263245
# File: 40   
# 1       0.0000000000000000   0.0212132034355964   0.0212132034355964
# 11      0.0212132034355964   0.0000000000000000   0.0212132034355964
   0.1436714629   -0.4218497459   -0.1941136773
  -0.0056730837    0.0218581360    0.0166333384
   0.1506874918    0.0931401689    0.1499477418
   0.0160698954    0.0119166833    0.0094877198
   0.0060059227    0.0105254726   -0.0252964277
  -0.0110490000   -0.0138061569    0.0110698552
   0.0291976715    0.0004178264    0.0268493968
   0.0001623354   -0.0028775702    0.0027882214
   0.1217035541    0.1296742059    0.1516531107
  -0.1021536929    0.1281486537    0.1196015020
  -0.3212408707    0.0147329364   -0.2912551047
  -0.0194140909    0.0059145226    0.0052400689
  -0.0207488164    0.0164004706    0.0398683640
   0.0027951237   -0.0055599389   -0.0026917737
   0.0050209982    0.0115704175   -0.0192800347
   0.0049650991   -0.0002060819   -0.0005023009
# File: 41   
# 1       0.0000000000000000   0.0212132034355964   0.0212132034355964
# 11     -0.0212132034355964   0.0000000000000000  -0.0212132034355964
  -0.1225787167   -0.2071494981   -0.4573934030
   0.0052383819    0.0218546971    0.0275099431
  -0.1181364216   -0.1193189232   -0.1188616133
  -0.0401506298    0.0120769823   -0.0471110512
   0.0169055985    0.0104931900   -0.0143457777
  -0.0114215305   -0.0250653839    0.0107055502
  -0.0271132381    0.0006997157   -0.0295421601
  -0.0002593935    0.0084403673    0.0024083033
   0.0774295594    0.1296037630    0.1073445648
  -0.1237202164    0.1503274686    0.1587476095
   0.3184992615    0.0128597992    0.3458768903
   0.0198785532   -0.0167172015   -0.0161240672
   0.0181901528    0.0387350642    0.0180723739
  -0.0025272683   -0.0055515909   -0.0080492337
  -0.0163744612   -0.0110905091    0.0200287609
   0.0061403690   -0.0001979406    0.0007333103
# File: 42   
# 1       0.0000000000000000   0.0212132034355964   0.0212132034355964
# 11      0.0212132034355964   0.0212132034355964   0.0000000000000000
   0.0432153136   -0.2933226157   -0.3210775252
  -0.0000302887    0.0221039933    0.0164601222
   0.1506306781    0.1194110144    0.1234443445
   0.0161385346    0.0396969805   -0.0185289520
   0.0060259148    0.0051058571   -0.0198686267
  -0.0110654383   -0.0192802122    0.0165530262
   0.1296668149    0.1287569496   -0.1003201333
  -0.0054817591   -0.0026759721    0.0025651191
   0.1104476210    0.1101167471    0.1408632006
  -0.1133545053    0.1387960101    0.1391436591
  -0.3212571318   -0.2923501391    0.0134360247
  -0.0194140302    0.0054435126    0.0057650081
  -0.0207516070    0.0384176218    0.0178258235
   0.0027979216   -0.0028668275   -0.0054211991
   0.0162155598    0.0222692238    0.0004145929
   0.0162164019   -0.0196221437   -0.0112544847
# File: 43   
# 1       0.0000000000000000   0.0212132034355964   0.0212132034355964
# 11     -0.0212132034355964  -0.0212132034355964   0.0000000000000000
  -0.0112000794   -0.3504775085   -0.3188323496
  -0.0004115188    0.0217169895    0.0277460576
  -0.1180854001   -0.1491209974   -0.0888575405
  -0.0402180718   -0.0166300514   -0.0181939503
   0.0168986800    0.0160082938   -0.0198684211
  -0.0114110204   -0.0196434876    0.0052728935
  -0.1388047809   -0.1397638781    0.1123620573
   0.0053867653    0.0081831385    0.0025264135
   0.0888573478    0.1491210554    0.1180854070
  -0.1123619124    0.1397639729    0.1388045447
   0.3188325445    0.3504776273    0.0111999229
   0.0198686085   -0.0160081649   -0.0168988509
   0.0181940861    0.0166298851    0.0402179670
  -0.0025262651   -0.0081831346   -0.0053867608
  -0.0277461010   -0.0217171682    0.0004116788
  -0.0052728822    0.0196434281    0.0114109308
# File: 44   
# 1       0.0000000000000000   0.0212132034355964   0.0212132034355964
# 12      0.0000000000000000   0.0212132034355964   0.0212132034355964
   0.0152483020   -0.3267442195   -0.3264610198
   0.0010673985    0.0495734777    0.0510643211
  -0.0882026596    0.1097527100    0.1401835539
   0.1015376417    0.1500608884    0.1197558401
   0.0171541416    0.0109209878   -0.0194717709
  -0.0168538985   -0.0194325072    0.0109140298
   0.0001802840   -0.0059869719   -0.0061572248
   0.0012268014    0.0317084765    0.0303004349
   0.0882024736    0.1401857148    0.1097551480
  -0.1015371014    0.1197579734    0.1500636071
  -0.0010681495    0.0510671680    0.0495766343
  -0.0152489773   -0.3264592602   -0.3267418372
  -0.0012267006    0.0303032336    0.0317114241
  -0.0001800756   -0.0061547639   -0.0059854645
  -0.0171540360   -0.0194694998    0.0109227700
   0.0168545557    0.0109165924   -0.0194304460
# File: 45   
# 1       0.0000000000000000   0.0212132034355964   0.0212132034355964
# 12      0.0000000000000000  -0.0212132034355964  -0.0212132034355964
   0.0150138353   -0.3157081600   -0.3156936768
   0.0009792884   -0.0070414350   -0.0056509375
   0.1242634244   -0.1589941221   -0.1286655431
  -0.1108891474   -0.1186809753   -0.1490938589
   0.0058171400    0.0105264929   -0.0198527142
  -0.0055548859   -0.0198198778    0.0105403446
   0.0001660712    0.0049014410    0.0047545491
   0.0011855614   -0.0249105453   -0.0263955066
   0.1108891786    0.1186809075    0.1490938653
  -0.1242634694    0.1589942420    0.1286655900
  -0.0009793510    0.0070413620    0.0056509064
  -0.0150138931    0.3157080301    0.3156936496
  -0.0011855957    0.0249106796    0.0263955025
  -0.0001660372   -0.0049014507   -0.0047545657
   0.0055549189    0.0198198829   -0.0105403880
  -0.0058170385   -0.0105264717    0.0198527835
# File: 46   
# 1       0.0000000000000000   0.0212132034355964   0.0212132034355964
# 12      0.0212132034355964   0.0000000000000000   0.0212132034355964
   0.0097912366   -0.3212138884   -0.3263967205
   0.1293842595   -0.0775766659    0.1515148329
   0.0389776756   -0.0185520170    0.0397112715
   0.1279567404    0.1236647815    0.1197767303
   0.0116475807    0.0164163519   -0.0194703362
  -0.0166775669   -0.0196730945    0.0052834989
   0.0004231080   -0.0061723919   -0.0005146554
   0.0290938461    0.0038635206    0.0303122956
   0.1102235593    0.1181453499    0.1097418193
  -0.0908657950    0.1394007882    0.1612498960
  -0.0207388982    0.0403684911    0.0383908287
  -0.3210684377   -0.0206987486   -0.3267959621
   0.0014938604    0.0275596097    0.0317046866
  -0.0196092218   -0.0169179831    0.0052692701
  -0.0063853825   -0.0000350558   -0.0003417367
   0.0163534354    0.0114209522   -0.0194357189
# File: 47   
# 1       0.0000000000000000   0.0212132034355964   0.0212132034355964
# 12     -0.0212132034355964   0.0000000000000000  -0.0212132034355964
   0.0205735101   -0.3213350436   -0.3157552086
  -0.1394453793    0.1348586688   -0.1173131616
  -0.0176687458   -0.0185825170   -0.0169791724
  -0.1408231493   -0.0887702829   -0.1491126619
   0.0112677914    0.0050836055   -0.0198556981
  -0.0057889604   -0.0196812842    0.0161749502
   0.0000281334    0.0051446266   -0.0008890975
  -0.0275802008    0.0038448724   -0.0264087079
   0.0887699536    0.1408234128    0.1491124799
  -0.1348587554    0.1394455463    0.1173130951
   0.0185827171    0.0176689699    0.0169792229
   0.3213352809   -0.0205735119    0.3157549357
  -0.0038449425    0.0275805099    0.0264082163
   0.0196809348    0.0057888707   -0.0161745787
  -0.0051446687   -0.0000286141    0.0008900977
  -0.0050835190   -0.0112678291    0.0198552888
# File: 48   
# 1       0.0000000000000000   0.0212132034355964   0.0212132034355964
# 12      0.0212132034355964   0.0212132034355964   0.0000000000000000
   0.0154371741   -0.3210711123   -0.3266682311
   0.0289267583    0.0495936149    0.0231858546
   0.0389816159    0.0093144952    0.0118334976
   0.1279482979    0.1500716708    0.0933392112
   0.0116475460    0.0109117962   -0.0139744596
  -0.0166769564   -0.0250713701    0.0106701108
  -0.0052201023   -0.0059965024   -0.0007587808
   0.1295537888    0.1321783915   -0.0968828853
   0.0989539967    0.1289143564    0.1291928367
  -0.1020444861    0.1197410817    0.1505834712
  -0.0207368737    0.0398831152    0.0389109583
  -0.3210707607   -0.3265017421   -0.0208370033
   0.0014949625    0.0302766373    0.0289944817
  -0.0196107269    0.0051133745   -0.0167478902
   0.0048756987   -0.0194638366   -0.0110995779
   0.0275400673    0.0221060299    0.0002584058
# File: 49   
# 1       0.0000000000000000   0.0212132034355964   0.0212132034355964
# 12     -0.0212132034355964  -0.0212132034355964   0.0000000000000000
   0.0149311970   -0.3213669834   -0.3154179849
  -0.0277760212   -0.0070629758    0.0231319700
  -0.0176699728   -0.0473465286    0.0118059365
  -0.1408194190   -0.1187025400   -0.1191441059
   0.0112677221    0.0105325344   -0.0253009714
  -0.0057907363   -0.0141729813    0.0106822410
   0.0056772215    0.0049072857   -0.0007474190
  -0.1392598837   -0.1365935555    0.1155327543
   0.1001988802    0.1301190760    0.1292342187
  -0.1235158841    0.1590127908    0.1279051944
   0.0185864692    0.0183957919    0.0162286129
   0.3213412727    0.3157480506   -0.0207248333
  -0.0038477472    0.0249322428    0.0290505494
   0.0196808690   -0.0163351046    0.0059361530
  -0.0165708822    0.0198133735    0.0115775132
  -0.0164330851   -0.0218804765    0.0002501712
# File: 50   
# 1       0.0000000000000000   0.0212132034355964   0.0212132034355964
# 15      0.0212132034355964   0.0000000000000000   0.0212132034355964
   0.0099184526   -0.3212126194   -0.3266920407
   0.0001221244    0.0277630606    0.0222609482
   0.0404424736   -0.0185464478    0.0382304075
  -0.0112057429    0.0052584190   -0.0194361436
   0.1409073767   -0.0889361980    0.1097668734
  -0.0168449128   -0.0196728442    0.0054364127
   0.1395990009    0.1122427721    0.1386490294
   0.0276572415    0.0038670430    0.0317406191
   0.0798053126    0.1181438575    0.1401647813
  -0.1101900108    0.1392360414    0.1419696166
   0.0096164012    0.0403646087    0.0080561780
  -0.0004796372   -0.0056849343   -0.0061505856
   0.0207977669    0.0277250403    0.0510464249
   0.0107831614   -0.0169173976   -0.0251186166
  -0.3269383169   -0.0150508552   -0.3208434254
  -0.0139906912    0.0114204540    0.0109195207
# File: 51   
# 1       0.0000000000000000   0.0212132034355964   0.0212132034355964
# 15     -0.0212132034355964   0.0000000000000000  -0.0212132034355964
   0.0207251585   -0.3213416237   -0.3157479787
  -0.0002499241    0.0164329026    0.0218803613
  -0.0162284907   -0.0185867878   -0.0183960258
  -0.0115774650    0.0165712198   -0.0198131999
  -0.1279048352    0.1235163988   -0.1590128081
  -0.0059360845   -0.0196804583    0.0163351383
  -0.1292340811   -0.1001984504   -0.1301192353
  -0.0290507285    0.0038482265   -0.0249319758
   0.1191435510    0.1408197543    0.1187026404
  -0.1155329785    0.1392597780    0.1365935428
  -0.0118059952    0.0176701941    0.0473466730
   0.0007475045   -0.0056773709   -0.0049074003
  -0.0231322578    0.0277756594    0.0070628771
  -0.0106824135    0.0057905169    0.0141728722
   0.3154181047   -0.0149316541    0.3213671199
   0.0253009355   -0.0112683054   -0.0105326012
# File: 52   
# 1       0.0000000000000000   0.0212132034355964   0.0212132034355964
# 15      0.0000000000000000   0.0212132034355964   0.0212132034355964
   0.0096635017   -0.3209706287   -0.3209705585
   0.0056256815    0.0222570783    0.0222569979
   0.0125523324    0.0093319508    0.0382548111
  -0.0114465295    0.0054330411   -0.0250788797
   0.0125522146    0.0382548108    0.0093319055
  -0.0114466678   -0.0250789745    0.0054330660
   0.1131598573    0.1386636041    0.1386637269
  -0.0995199161    0.1321869799    0.1321869803
   0.0992636988    0.1288884584    0.1288886976
  -0.1129181238    0.1419666551    0.1419665729
   0.0101389870    0.0398582495    0.0080318794
  -0.0112446793   -0.0251107980    0.0051174217
   0.0101391921    0.0080321025    0.0398583562
  -0.0112444660    0.0051172736   -0.0251108686
  -0.0209689696   -0.3209382930   -0.3209385590
   0.0056938867    0.0221084901    0.0221084504
# File: 53   
# 1       0.0000000000000000   0.0212132034355964   0.0212132034355964
# 15      0.0000000000000000  -0.0212132034355964  -0.0212132034355964
   0.0210400347   -0.3214630706   -0.3214632639
  -0.0057002294    0.0218825706    0.0218828094
   0.0125597780   -0.0473728596   -0.0184159281
  -0.0114410627    0.0163388039   -0.0141642872
   0.0125595762   -0.0184156636   -0.0473728814
  -0.0114410084   -0.0141645267    0.0163388004
  -0.0992606534   -0.1301355509   -0.1301356180
   0.1128749316   -0.1365990690   -0.1365989940
   0.0992606652    0.1301354813    0.1301356614
  -0.1128749288    0.1365991173    0.1365989812
  -0.0125596456    0.0184156775    0.0473728657
   0.0114409660    0.0141645283   -0.0163388260
  -0.0125598257    0.0473729322    0.0184159442
   0.0114410894   -0.0163388013    0.0141643266
  -0.0210399489    0.3214630537    0.3214632440
   0.0057002617   -0.0218826229   -0.0218828342
# File: 54   
# 1       0.0000000000000000   0.0212132034355964   0.0212132034355964
# 16      0.0212132034355964   0.0000000000000000   0.0212132034355964
   0.0154172860   -0.3154636736   -0.3208795584
  -0.0055122076    0.0218653157    0.0164735188
   0.0114939704   -0.0252979629    0.0107588287
   0.0177326678    0.0119646162    0.0080483757
   0.0058519578    0.0105178414   -0.0251101858
   0.1181844261   -0.1191393460    0.1403011529
   0.0278871857    0.0005365172    0.0284234533
   0.1393054884    0.1155545154    0.1419744565
   0.1022425115    0.1294914095    0.1321821372
  -0.1325736131    0.1279110886    0.1499420899
  -0.0017707140    0.0287730322    0.0269907165
   0.0109409696    0.0059362537   -0.0250804998
   0.0094984389    0.0162281228    0.0093203331
   0.0221248215   -0.0053942124    0.0166102385
  -0.0253120419    0.0115762128    0.0110745756
  -0.3155111472   -0.0150597306   -0.3210296326
# File: 55   
# 1       0.0000000000000000   0.0212132034355964   0.0212132034355964
# 16     -0.0212132034355964   0.0000000000000000  -0.0212132034355964
   0.0152298852   -0.3266395654   -0.3212776311
   0.0053766056    0.0218579317    0.0273615693
   0.0111086123   -0.0139788681    0.0103762394
  -0.0389132355    0.0120032450   -0.0485864025
   0.0167522210    0.0105073956   -0.0142231704
  -0.1505834561    0.0933477804   -0.1284570170
  -0.0287287137    0.0005693990   -0.0282174994
  -0.1294740743   -0.0968988208   -0.1268466522
   0.0968987822    0.1294735765    0.1268468376
  -0.0933474106    0.1505830687    0.1284571765
  -0.0005694891    0.0287285556    0.0282171497
  -0.0105077154   -0.0167518912    0.0142230446
  -0.0120026855    0.0389130168    0.0485868504
  -0.0218576148   -0.0053769007   -0.0273614947
   0.0139786056   -0.0111080196   -0.0103765236
   0.3266396831   -0.0152299036    0.3212775233
# File: 56   
# 1       0.0000000000000000   0.0212132034355964   0.0212132034355964
# 16      0.0000000000000000   0.0212132034355964   0.0212132034355964
   0.0209683493   -0.3209405075   -0.3209404024
  -0.0056946677    0.0221062516    0.0221061617
   0.0112452261   -0.0251128174    0.0051147645
  -0.0101388495    0.0398553564    0.0080292846
   0.0112450783    0.0051147942   -0.0251127079
  -0.0101387721    0.0080292104    0.0398553220
  -0.0992645141    0.1288858670    0.1288858787
   0.1129181443    0.1419644485    0.1419642909
   0.0995200610    0.1321893002    0.1321891670
  -0.1131589585    0.1386659176    0.1386659350
  -0.0125521727    0.0093356955    0.0382574933
   0.0114466994    0.0054349452   -0.0250768260
  -0.0125521122    0.0382575207    0.0093356171
   0.0114468887   -0.0250769097    0.0054350830
  -0.0056267951    0.0222590743    0.0222591097
  -0.0096636052   -0.3209681471   -0.3209681710
# File: 57   
# 1       0.0000000000000000   0.0212132034355964   0.0212132034355964
# 16      0.0000000000000000  -0.0212132034355964  -0.0212132034355964
   0.0097255863   -0.3212294883   -0.3212295526
   0.0056203503    0.0217256455    0.0217256350
   0.0112503183   -0.0142192923    0.0160235312
  -0.0101481728   -0.0167898907   -0.0485696303
   0.0112502985    0.0160235495   -0.0142193147
  -0.0101482827   -0.0485696236   -0.0167899251
   0.1131749456   -0.1399101342   -0.1399099770
  -0.0995550607   -0.1268373745   -0.1268372858
   0.0995550827    0.1268373461    0.1268372523
  -0.1131749725    0.1399101581    0.1399099725
   0.0101482825    0.0485696350    0.0167899936
  -0.0112502636   -0.0160235298    0.0142193307
   0.0101481496    0.0167898993    0.0485696585
  -0.0112503054    0.0142193197   -0.0160235454
  -0.0056203551   -0.0217256681   -0.0217256363
  -0.0097256009    0.3212294483    0.3212294935
