# File: 1
# 1       0.0000000000000000   0.0212132034355964   0.0212132034355964
   0.0150976605   -0.3163819396   -0.3163819277
  -0.0054602591    0.0087171452    0.0087171442
  -0.0000437632    0.0008860815    0.0008860764
   0.0054065797    0.0084647803    0.0084647870
   0.0072700323   -0.0134898680    0.0067130300
  -0.0003425048    0.0005255843    0.0002913698
   0.0001092286    0.0002141440    0.0007133425
  -0.0072386504    0.0068925342   -0.0135907834
   0.0007938985   -0.0037625558    0.0001684110
  -0.0000019785    0.0008487945    0.0008448124
  -0.0007262144    0.0000923840   -0.0037863325
  -0.0000744613    0.0008682887    0.0008075646
   0.0019126545   -0.0081228720    0.0013522477
  -0.0017805163    0.0014261364   -0.0080896560
   0.0003798291    0.0003711173    0.0004988628
  -0.0002242597    0.0005713680    0.0005128868
   0.0072700223    0.0067130253   -0.0134898717
  -0.0003425079    0.0002913515    0.0005255850
   0.0001092128    0.0007133426    0.0002141419
  -0.0072386408   -0.0135907884    0.0068925378
   0.0005934919   -0.0005295764   -0.0005295749
   0.0001049676    0.0002369483    0.0002369366
  -0.0005117262   -0.0003186875   -0.0003187059
   0.0000840176    0.0004934495    0.0004934474
   0.0010350740   -0.0002178299   -0.0002995492
  -0.0010624196   -0.0003010124   -0.0001827984
   0.0000354204    0.0002497281    0.0002187150
  -0.0000141969    0.0002453053    0.0002632214
   0.0000450642   -0.0004972834   -0.0004029749
  -0.0000524363    0.0002264256    0.0005114953
   0.0000289109    0.0002329099    0.0002180236
   0.0000021968    0.0005288888    0.0000998905
   0.0007939085    0.0001684174   -0.0037625284
  -0.0000019764    0.0008448116    0.0008487883
  -0.0007261914   -0.0037863172    0.0000923906
  -0.0000744374    0.0008075691    0.0008682961
   0.0010350876   -0.0002995289   -0.0002178050
  -0.0010624364   -0.0001828011   -0.0003010229
   0.0000354084    0.0002187104    0.0002497348
  -0.0000141760    0.0002632292    0.0002453116
   0.0000000994   -0.0006325457   -0.0006325633
  -0.0000454780    0.0002348777    0.0002348755
  -0.0000009003    0.0001879496    0.0001879511
   0.0000413368    0.0002230884    0.0002230796
   0.0008636117   -0.0004790172    0.0000087743
   0.0000370405    0.0002134394    0.0002881943
  -0.0000284279    0.0002670895    0.0001800384
  -0.0008616020   -0.0000621134   -0.0004043397
   0.0019126494    0.0013522302   -0.0081228984
  -0.0017805242   -0.0080896598    0.0014261211
   0.0003798274    0.0004988624    0.0003711110
  -0.0002242478    0.0005129134    0.0005713888
   0.0000450575   -0.0004029829   -0.0004972923
  -0.0000524277    0.0005115123    0.0002264515
   0.0000289057    0.0002180064    0.0002329146
   0.0000021909    0.0000998951    0.0005288889
   0.0008636298    0.0000087886   -0.0004790212
   0.0000370343    0.0002881816    0.0002134153
  -0.0000284308    0.0001800532    0.0002670926
  -0.0008615816   -0.0004043475   -0.0000621283
   0.0009096140   -0.0002923207   -0.0002923132
  -0.0000546316    0.0005483269    0.0005483302
  -0.0008528723   -0.0003736493   -0.0003736575
  -0.0000135065    0.0001383702    0.0001383687
   0.0940259460    0.1237610724    0.1237610697
  -0.1074750502    0.1335935647    0.1335935642
   0.0020945508    0.0009774950    0.0009774937
  -0.0020997064    0.0008164474    0.0008164484
  -0.0010921579    0.0287655206    0.0273879080
  -0.0000522363   -0.0011793956   -0.0011964612
   0.0000208779   -0.0000333893   -0.0000131292
   0.0001807783   -0.0009937077   -0.0013565717
   0.0014352883    0.0055844176    0.0015188572
   0.0002133943   -0.0005027673   -0.0001882659
  -0.0001833857   -0.0002482003   -0.0005296154
  -0.0013943858    0.0015136065    0.0056748094
  -0.0006869295    0.0034637249   -0.0006008870
   0.0000668131   -0.0012068723   -0.0011016380
   0.0005802701   -0.0004550163    0.0036036305
  -0.0000749226   -0.0011125598   -0.0010105746
  -0.0010921532    0.0273879145    0.0287655199
  -0.0000522324   -0.0011964548   -0.0011793946
   0.0000208783   -0.0000131238   -0.0000333828
   0.0001807778   -0.0013565643   -0.0009937115
  -0.0017853483    0.0002405606    0.0002405642
  -0.0000697686   -0.0002833354   -0.0002833353
  -0.0000605993   -0.0001692702   -0.0001692786
   0.0016146737    0.0000616185    0.0000616178
  -0.0004760496    0.0002192043    0.0005034363
  -0.0000114179   -0.0002176520   -0.0002235621
   0.0005429647    0.0004721528    0.0001815748
   0.0000080300   -0.0003476301   -0.0003363376
  -0.0014247595    0.0002591475    0.0006096810
   0.0014241416    0.0005866693    0.0002821379
  -0.0000007649   -0.0001211218   -0.0003392563
   0.0000239044   -0.0003227733   -0.0000958257
   0.0014352846    0.0015188592    0.0055844268
   0.0002133920   -0.0001882723   -0.0005027777
  -0.0001833792   -0.0005295925   -0.0002481861
  -0.0013943904    0.0056747942    0.0015135890
  -0.0004760461    0.0005034376    0.0002192074
  -0.0000114126   -0.0002235620   -0.0002176541
   0.0005429525    0.0001815609    0.0004721516
   0.0000080328   -0.0003363289   -0.0003476229
  -0.0007153041    0.0002881965    0.0002881946
   0.0007123602    0.0002895198    0.0002895263
   0.0000322988   -0.0002152397   -0.0002152371
  -0.0000439948   -0.0002241525   -0.0002241513
   0.0000140268    0.0001155596    0.0000947410
   0.0000503583   -0.0001306265   -0.0003834122
   0.0000068092   -0.0002562272   -0.0002560770
  -0.0000269462   -0.0003764980   -0.0001375593
  -0.0006869303   -0.0006008874    0.0034637282
   0.0000668006   -0.0011016604   -0.0012068846
   0.0005802619    0.0036036250   -0.0004550103
  -0.0000749057   -0.0010105654   -0.0011125428
  -0.0014247567    0.0006096877    0.0002591561
   0.0014241380    0.0002821414    0.0005866699
  -0.0000007783   -0.0003392669   -0.0001211442
   0.0000238925   -0.0000958317   -0.0003227683
   0.0000140314    0.0000947461    0.0001155809
   0.0000503497   -0.0003834264   -0.0001306401
   0.0000068086   -0.0002560744   -0.0002562210
  -0.0000269567   -0.0001375724   -0.0003764931
  -0.0013902779    0.0003019739    0.0003019710
   0.0000320540   -0.0003584461   -0.0003584451
  -0.0000157402   -0.0003775628   -0.0003775495
   0.0013912666    0.0003560504    0.0003560465
